# Created by Octave 4.0.3, Wed Oct 19 19:50:34 2016 CEST <anne@V>
# name: hyper
# type: struct
# ndims: 2
 1 4
# length: 5
# name: a
# type: cell
# rows: 1
# columns: 4
# name: <cell-element>
# type: scalar
0



# name: <cell-element>
# type: scalar
0



# name: <cell-element>
# type: scalar
0



# name: <cell-element>
# type: scalar
0





# name: b
# type: cell
# rows: 1
# columns: 4
# name: <cell-element>
# type: scalar
24



# name: <cell-element>
# type: scalar
24



# name: <cell-element>
# type: scalar
24



# name: <cell-element>
# type: scalar
24





# name: mu
# type: cell
# rows: 1
# columns: 4
# name: <cell-element>
# type: matrix
# rows: 1
# columns: 2
 22 22



# name: <cell-element>
# type: matrix
# rows: 1
# columns: 2
 17 5



# name: <cell-element>
# type: matrix
# rows: 1
# columns: 2
 4 19



# name: <cell-element>
# type: matrix
# rows: 1
# columns: 2
 19 20





# name: kappa
# type: cell
# rows: 1
# columns: 4
# name: <cell-element>
# type: matrix
# rows: 1
# columns: 2
 2 1



# name: <cell-element>
# type: matrix
# rows: 1
# columns: 2
 1 1



# name: <cell-element>
# type: matrix
# rows: 1
# columns: 2
 1 1



# name: <cell-element>
# type: matrix
# rows: 1
# columns: 2
 2 1





# name: weights
# type: cell
# rows: 1
# columns: 4
# name: <cell-element>
# type: matrix
# rows: 1
# columns: 3
 0 0.5396654250647246 0.4603345749352755



# name: <cell-element>
# type: matrix
# rows: 1
# columns: 3
 0.3242060418091733 0 0.6757939581908268



# name: <cell-element>
# type: matrix
# rows: 1
# columns: 3
 0 1 0



# name: <cell-element>
# type: matrix
# rows: 1
# columns: 3
 0 1 0







