# Created by Octave 4.0.3, Wed Oct 19 19:50:34 2016 CEST <anne@V>
# name: schedule_gen
# type: matrix
# rows: 99
# columns: 25
 0 1 5 9 30 31 19 17 6 3 3 1 1 2 1 2 2 2 3 1 2 1 0 3 2
 0 0 0 0 0 0 0 0 0 0 0 0 0 0 0 0 0 4 26 32 11 3 0 0 4
 0 2 10 26 46 33 10 5 0 0 0 0 0 0 0 0 0 0 0 0 0 0 0 0 3
 0 2 15 34 51 34 10 2 0 0 0 0 0 0 0 0 0 0 0 0 0 0 0 0 3
 0 1 5 24 43 18 10 2 0 0 0 0 0 0 0 0 0 0 0 0 0 0 0 0 3
 0 0 1 2 11 15 6 7 1 1 0 0 1 1 0 2 1 1 0 0 1 0 0 3 2
 2 2 5 6 19 26 19 5 2 3 4 4 1 1 0 0 2 2 1 1 1 0 0 1 2
 0 0 0 0 0 0 0 0 0 0 0 0 0 0 0 0 2 9 39 65 24 1 3 0 4
 1 2 1 14 17 23 16 7 1 0 2 0 1 3 1 1 1 5 1 1 2 3 1 1 2
 0 0 0 0 0 0 0 0 0 0 0 0 0 0 0 0 0 3 9 30 10 1 2 0 4
 0 0 0 0 0 0 0 0 0 0 0 0 0 0 0 0 0 6 21 56 22 3 0 0 4
 0 5 9 31 39 34 12 6 0 0 0 0 0 0 0 0 0 0 0 0 0 0 0 0 3
 0 0 0 0 0 0 0 0 0 0 0 0 0 0 0 0 1 1 17 29 10 1 0 0 4
 0 1 1 4 19 17 10 5 0 1 1 1 0 3 0 2 0 1 0 1 0 2 0 2 2
 0 2 3 12 13 33 16 8 5 1 2 2 1 2 4 0 4 3 1 4 2 2 1 3 2
 0 0 0 0 0 0 0 0 0 0 0 0 0 0 0 0 1 4 26 45 13 2 3 0 4
 0 0 0 0 0 0 0 0 0 0 0 0 0 0 0 0 0 0 0 3 2 26 33 36 1
 0 0 0 2 10 10 9 2 6 1 1 1 0 1 0 1 2 0 2 1 0 0 2 1 2
 0 0 0 0 0 0 0 0 0 0 0 0 0 0 0 0 1 1 10 49 14 3 2 0 4
 0 6 10 30 54 26 10 5 0 0 0 0 0 0 0 0 0 0 0 0 0 0 0 0 3
 0 0 0 0 0 0 0 0 0 0 0 0 0 0 0 0 1 5 30 53 22 6 0 0 4
 0 0 0 0 0 0 0 0 0 0 0 0 0 0 0 0 2 3 25 51 27 4 0 0 4
 0 0 0 0 0 0 0 0 0 0 0 0 0 0 0 0 0 1 26 47 21 6 1 0 4
 0 0 0 0 0 0 0 0 0 0 0 0 0 0 0 0 0 0 0 2 6 14 46 23 1
 0 5 6 22 38 15 7 3 0 0 0 0 0 0 0 0 0 0 0 0 0 0 0 0 3
 0 1 2 2 7 16 12 7 4 1 1 0 0 0 1 2 0 1 1 0 0 0 1 1 2
 0 0 0 0 0 0 0 0 0 0 0 0 0 0 0 0 0 0 0 2 4 15 27 23 1
 5 1 4 7 12 24 18 7 6 0 0 2 1 0 1 0 2 1 2 1 0 1 3 5 2
 0 2 5 14 25 28 6 4 0 0 0 0 0 0 0 0 0 0 0 0 0 0 0 0 3
 2 2 3 5 15 17 16 7 2 2 2 0 0 0 5 2 1 3 2 0 3 1 0 3 2
 0 1 4 5 20 19 12 6 3 1 1 1 2 1 0 2 0 1 3 0 1 1 1 3 2
 0 0 0 0 0 0 0 0 0 0 0 0 0 0 0 0 0 3 26 39 17 3 1 0 4
 0 6 10 23 37 31 7 3 0 0 0 0 0 0 0 0 0 0 0 0 0 0 0 0 3
 0 3 8 24 38 20 8 2 0 0 0 0 0 0 0 0 0 0 0 0 0 0 0 0 3
 0 0 0 0 0 0 0 0 0 0 0 0 0 0 0 0 0 0 0 5 5 18 41 29 1
 0 1 8 35 42 22 8 5 0 0 0 0 0 0 0 0 0 0 0 0 0 0 0 0 3
 0 0 0 0 0 0 0 0 0 0 0 0 0 0 0 0 0 0 0 2 10 23 53 44 1
 0 0 0 0 0 0 0 0 0 0 0 0 0 0 0 0 0 0 0 1 6 22 32 26 1
 0 4 11 21 48 36 12 2 0 0 0 0 0 0 0 0 0 0 0 0 0 0 0 0 3
 3 0 1 6 17 16 13 5 2 1 0 0 0 0 1 0 0 2 0 1 0 3 1 3 2
 3 1 3 6 18 20 10 8 2 1 2 2 0 1 0 0 1 0 1 1 0 1 4 4 2
 0 0 0 0 0 0 0 0 0 0 0 0 0 0 0 0 0 7 33 60 34 3 4 0 4
 0 0 0 0 0 0 0 0 0 0 0 0 0 0 0 0 0 4 24 55 24 2 1 0 4
 1 1 8 5 22 27 18 9 5 3 1 1 1 2 4 0 2 1 1 1 2 3 2 4 2
 0 0 0 0 0 0 0 0 0 0 0 0 0 0 0 0 0 0 0 1 3 18 33 19 1
 0 3 11 21 44 31 10 2 0 0 0 0 0 0 0 0 0 0 0 0 0 0 0 0 3
 0 0 0 0 0 0 0 0 0 0 0 0 0 0 0 0 2 5 27 49 21 2 1 0 4
 0 5 5 30 35 22 11 5 0 0 0 0 0 0 0 0 0 0 0 0 0 0 0 0 3
 0 0 0 0 0 0 0 0 0 0 0 0 0 0 0 0 1 3 13 32 10 3 0 0 4
 0 0 0 0 0 0 0 0 0 0 0 0 0 0 0 0 2 3 12 43 14 1 0 0 4
 0 0 0 0 0 0 0 0 0 0 0 0 0 0 0 0 0 4 8 29 14 2 0 0 4
 0 2 5 13 17 15 7 0 0 0 0 0 0 0 0 0 0 0 0 0 0 0 0 0 3
 0 2 7 18 25 14 4 2 0 0 0 0 0 0 0 0 0 0 0 0 0 0 0 0 3
 0 0 0 0 0 0 0 0 0 0 0 0 0 0 0 0 1 4 17 24 12 1 0 0 4
 2 2 5 10 17 27 13 8 3 2 1 1 1 2 0 1 0 1 2 1 0 1 0 2 2
 0 0 0 0 0 0 0 0 0 0 0 0 0 0 0 0 1 1 23 30 16 3 0 0 4
 0 3 15 26 34 24 10 2 0 0 0 0 0 0 0 0 0 0 0 0 0 0 0 0 3
 0 0 0 0 0 0 0 0 0 0 0 0 0 0 0 0 0 0 0 7 5 24 39 37 1
 0 3 7 10 18 14 8 2 0 0 0 0 0 0 0 0 0 0 0 0 0 0 0 0 3
 0 0 0 0 0 0 0 0 0 0 0 0 0 0 0 0 0 0 0 1 10 25 53 41 1
 0 0 0 0 0 0 0 0 0 0 0 0 0 0 0 0 0 0 0 2 3 19 34 20 1
 0 1 4 15 30 33 21 12 6 1 4 3 2 0 1 3 1 2 3 3 1 0 0 2 2
 3 4 3 9 10 20 18 11 3 3 1 1 1 0 3 2 0 2 2 1 0 0 2 3 2
 0 0 0 0 0 0 0 0 0 0 0 0 0 0 0 0 1 11 35 77 21 4 0 0 4
 0 3 4 20 17 16 6 2 0 0 0 0 0 0 0 0 0 0 0 0 0 0 0 0 3
 0 0 0 0 0 0 0 0 0 0 0 0 0 0 0 0 0 2 8 23 18 2 1 0 4
 0 7 11 30 48 30 13 5 0 0 0 0 0 0 0 0 0 0 0 0 0 0 0 0 3
 0 0 0 0 0 0 0 0 0 0 0 0 0 0 0 0 2 3 12 36 26 0 0 0 4
 1 1 3 9 15 23 16 8 0 2 3 0 2 1 1 1 0 0 2 3 2 1 1 1 2
 0 0 0 0 0 0 0 0 0 0 0 0 0 0 0 0 0 8 33 70 30 1 0 0 4
 1 2 3 7 17 31 16 5 2 0 1 2 0 1 2 1 1 0 1 2 0 2 4 3 2
 0 1 4 14 45 32 11 3 0 0 0 0 0 0 0 0 0 0 0 0 0 0 0 0 3
 1 0 5 3 14 21 9 3 2 2 0 1 3 1 1 0 0 1 2 1 1 1 2 4 2
 0 0 0 0 0 0 0 0 0 0 0 0 0 0 0 0 0 0 0 2 9 19 57 20 1
 0 0 0 0 0 0 0 0 0 0 0 0 0 0 0 0 0 4 19 26 15 4 1 0 4
 0 0 0 0 0 0 0 0 0 0 0 0 0 0 0 0 0 2 19 35 17 3 0 0 4
 0 0 0 0 0 0 0 0 0 0 0 0 0 0 0 0 1 4 28 63 28 6 0 0 4
 0 0 0 0 0 0 0 0 0 0 0 0 0 0 0 0 2 5 35 72 27 7 0 0 4
 0 0 0 0 0 0 0 0 0 0 0 0 0 0 0 0 0 0 0 2 9 26 64 48 1
 2 1 4 9 24 21 23 10 5 3 2 3 0 2 4 3 0 2 1 1 1 1 2 5 2
 0 0 0 0 0 0 0 0 0 0 0 0 0 0 0 0 1 3 17 33 15 0 0 0 4
 0 0 0 0 0 0 0 0 0 0 0 0 0 0 0 0 0 0 0 1 7 16 33 28 1
 1 1 4 9 15 19 11 9 2 3 3 2 1 2 1 3 0 0 3 1 1 2 0 1 2
 0 0 0 0 0 0 0 0 0 0 0 0 0 0 0 0 0 0 0 0 5 24 36 23 1
 0 2 3 27 34 24 4 0 0 0 0 0 0 0 0 0 0 0 0 0 0 0 0 0 3
 0 0 0 0 0 0 0 0 0 0 0 0 0 0 0 0 0 0 0 3 11 36 58 31 1
 0 2 7 18 30 20 10 0 0 0 0 0 0 0 0 0 0 0 0 0 0 0 0 0 3
 0 0 0 0 0 0 0 0 0 0 0 0 0 0 0 0 0 0 0 2 7 33 48 46 1
 0 0 0 0 0 0 0 0 0 0 0 0 0 0 0 0 0 3 17 27 10 2 1 0 4
 6 3 1 9 25 34 28 13 5 0 0 0 3 4 3 1 2 1 2 0 2 2 1 2 2
 0 3 9 31 40 29 12 3 0 0 0 0 0 0 0 0 0 0 0 0 0 0 0 0 3
 3 2 4 12 21 25 24 12 4 3 0 2 0 1 3 3 3 2 1 2 2 5 3 3 2
 1 2 3 10 16 22 12 4 5 0 0 0 5 1 0 1 1 3 2 1 1 1 1 2 2
 0 0 3 3 10 12 11 5 1 2 0 1 0 1 0 1 0 0 0 0 1 0 0 3 2
 0 0 0 0 0 0 0 0 0 0 0 0 0 0 0 0 2 4 27 57 31 6 0 0 4
 0 0 0 0 0 0 0 0 0 0 0 0 0 0 0 0 0 0 0 0 1 13 17 20 1
 0 3 7 16 25 16 6 2 0 0 0 0 0 0 0 0 0 0 0 0 0 0 0 0 3
 0 1 5 14 18 13 7 1 0 0 0 0 0 0 0 0 0 0 0 0 0 0 0 0 3
 0 0 0 0 0 0 0 0 0 0 0 0 0 0 0 0 0 5 28 67 36 3 0 0 4


