# Created by Octave 4.0.3, Sun Oct 16 15:32:47 2016 CEST <anne@V>
# name: hours_data
# type: cell
# rows: 1
# columns: 328
# name: <cell-element>
# type: matrix
# rows: 128
# columns: 1
 16
 6
 6
 5
 6
 6
 6
 20
 6
 6
 6
 6
 6
 6
 4
 7
 6
 7
 6
 9
 6
 6
 17
 16
 11
 17
 6
 6
 5
 6
 6
 5
 6
 6
 5
 6
 6
 16
 6
 5
 15
 5
 6
 6
 16
 6
 6
 6
 5
 5
 5
 6
 7
 7
 6
 15
 5
 7
 13
 8
 5
 4
 6
 5
 6
 8
 11
 5
 10
 5
 5
 14
 4
 5
 9
 8
 5
 6
 11
 13
 6
 13
 5
 5
 17
 4
 12
 15
 15
 9
 7
 7
 6
 8
 7
 8
 6
 5
 8
 20
 15
 5
 5
 18
 6
 11
 9
 8
 14
 18
 5
 8
 20
 9
 9
 8
 10
 15
 16
 11
 12
 8
 8
 15
 8
 7
 11
 11



# name: <cell-element>
# type: scalar
14



# name: <cell-element>
# type: matrix
# rows: 2
# columns: 1
 14
 14



# name: <cell-element>
# type: matrix
# rows: 9
# columns: 1
 17
 6
 8
 18
 7
 7
 7
 18
 17



# name: <cell-element>
# type: matrix
# rows: 28
# columns: 1
 14
 15
 15
 16
 14
 16
 15
 15
 14
 14
 18
 15
 19
 15
 15
 15
 15
 16
 17
 17
 15
 16
 17
 17
 15
 20
 18
 20



# name: <cell-element>
# type: matrix
# rows: 2
# columns: 1
 9
 17



# name: <cell-element>
# type: scalar
13



# name: <cell-element>
# type: matrix
# rows: 3
# columns: 1
 21
 17
 17



# name: <cell-element>
# type: matrix
# rows: 3
# columns: 1
 11
 8
 12



# name: <cell-element>
# type: matrix
# rows: 10
# columns: 1
 18
 15
 20
 15
 11
 17
 15
 13
 15
 15



# name: <cell-element>
# type: matrix
# rows: 17
# columns: 1
 16
 9
 16
 5
 19
 19
 13
 18
 15
 16
 9
 20
 17
 8
 19
 20
 15



# name: <cell-element>
# type: matrix
# rows: 2
# columns: 1
 19
 19



# name: <cell-element>
# type: scalar
8



# name: <cell-element>
# type: matrix
# rows: 83
# columns: 1
 9
 9
 13
 10
 15
 18
 15
 19
 18
 19
 19
 10
 11
 12
 18
 13
 14
 18
 14
 13
 12
 18
 12
 18
 12
 17
 11
 17
 12
 6
 17
 18
 16
 15
 18
 10
 11
 6
 15
 7
 7
 18
 17
 12
 18
 10
 17
 7
 9
 10
 8
 6
 18
 18
 17
 7
 17
 18
 14
 10
 17
 18
 18
 18
 18
 10
 18
 6
 6
 18
 18
 18
 10
 17
 16
 18
 10
 18
 10
 17
 10
 16
 12



# name: <cell-element>
# type: matrix
# rows: 5
# columns: 1
 13
 8
 13
 7
 8



# name: <cell-element>
# type: matrix
# rows: 10
# columns: 1
 15
 14
 16
 19
 13
 14
 15
 15
 15
 12



# name: <cell-element>
# type: scalar
6



# name: <cell-element>
# type: matrix
# rows: 3
# columns: 1
 18
 19
 9



# name: <cell-element>
# type: scalar
19



# name: <cell-element>
# type: scalar
20



# name: <cell-element>
# type: matrix
# rows: 2
# columns: 1
 16
 19



# name: <cell-element>
# type: matrix
# rows: 2
# columns: 1
 9
 14



# name: <cell-element>
# type: scalar
15



# name: <cell-element>
# type: scalar
14



# name: <cell-element>
# type: scalar
15



# name: <cell-element>
# type: scalar
15



# name: <cell-element>
# type: scalar
15



# name: <cell-element>
# type: scalar
18



# name: <cell-element>
# type: matrix
# rows: 9
# columns: 1
 9
 9
 9
 9
 9
 20
 15
 12
 13



# name: <cell-element>
# type: matrix
# rows: 3
# columns: 1
 12
 8
 12



# name: <cell-element>
# type: scalar
16



# name: <cell-element>
# type: matrix
# rows: 2
# columns: 1
 13
 12



# name: <cell-element>
# type: matrix
# rows: 265
# columns: 1
 7
 6
 7
 6
 18
 19
 19
 14
 7
 7
 6
 20
 19
 7
 20
 11
 7
 7
 12
 18
 7
 7
 22
 20
 7
 20
 7
 19
 16
 18
 17
 17
 11
 17
 6
 18
 7
 17
 18
 7
 18
 7
 11
 17
 7
 11
 17
 18
 18
 17
 7
 7
 20
 7
 8
 11
 6
 18
 18
 17
 17
 17
 18
 8
 12
 7
 7
 8
 18
 12
 11
 17
 13
 16
 18
 7
 7
 8
 11
 7
 7
 19
 12
 18
 18
 10
 6
 6
 10
 8
 7
 11
 18
 13
 12
 11
 12
 18
 11
 7
 18
 7
 16
 15
 7
 17
 18
 11
 7
 11
 9
 8
 7
 7
 8
 9
 11
 8
 11
 8
 18
 17
 17
 7
 17
 18
 21
 22
 18
 13
 16
 18
 11
 17
 11
 16
 18
 18
 8
 14
 8
 9
 17
 17
 12
 17
 17
 9
 17
 17
 18
 15
 17
 11
 17
 16
 14
 18
 14
 6
 11
 9
 18
 8
 13
 10
 13
 11
 18
 18
 8
 8
 18
 17
 17
 14
 8
 12
 8
 17
 11
 11
 12
 11
 9
 11
 17
 9
 17
 17
 11
 12
 7
 11
 15
 18
 13
 16
 14
 15
 12
 17
 11
 13
 16
 17
 11
 14
 7
 11
 11
 12
 8
 9
 12
 18
 11
 11
 15
 11
 8
 14
 17
 8
 11
 17
 13
 9
 11
 7
 13
 18
 15
 9
 18
 9
 8
 11
 16
 8
 15
 17
 17
 19
 8
 18
 17
 10
 11
 11
 16
 11
 16
 13
 11
 8
 11
 16
 12
 13
 16
 11
 9
 17
 16



# name: <cell-element>
# type: matrix
# rows: 6
# columns: 1
 13
 14
 13
 11
 11
 12



# name: <cell-element>
# type: matrix
# rows: 2
# columns: 1
 18
 13



# name: <cell-element>
# type: scalar
19



# name: <cell-element>
# type: matrix
# rows: 3
# columns: 1
 18
 15
 14



# name: <cell-element>
# type: matrix
# rows: 3
# columns: 1
 18
 14
 17



# name: <cell-element>
# type: matrix
# rows: 4
# columns: 1
 19
 20
 20
 20



# name: <cell-element>
# type: matrix
# rows: 8
# columns: 1
 17
 18
 18
 17
 18
 9
 18
 16



# name: <cell-element>
# type: matrix
# rows: 4
# columns: 1
 10
 11
 13
 17



# name: <cell-element>
# type: scalar
14



# name: <cell-element>
# type: scalar
12



# name: <cell-element>
# type: matrix
# rows: 4
# columns: 1
 18
 18
 19
 17



# name: <cell-element>
# type: matrix
# rows: 16
# columns: 1
 8
 9
 8
 8
 8
 8
 9
 15
 7
 8
 11
 8
 11
 11
 8
 8



# name: <cell-element>
# type: scalar
6



# name: <cell-element>
# type: matrix
# rows: 86
# columns: 1
 16
 11
 6
 6
 6
 6
 6
 6
 6
 6
 21
 20
 6
 6
 6
 6
 19
 7
 6
 19
 6
 21
 6
 7
 6
 6
 6
 8
 9
 16
 19
 7
 10
 17
 8
 10
 6
 6
 8
 7
 16
 10
 7
 6
 18
 19
 8
 6
 6
 6
 17
 7
 6
 16
 17
 7
 16
 7
 6
 6
 9
 10
 6
 6
 13
 16
 17
 16
 17
 7
 8
 17
 8
 8
 8
 9
 11
 9
 9
 9
 9
 10
 13
 11
 15
 16



# name: <cell-element>
# type: matrix
# rows: 2
# columns: 1
 14
 12



# name: <cell-element>
# type: scalar
5



# name: <cell-element>
# type: scalar
13



# name: <cell-element>
# type: matrix
# rows: 5
# columns: 1
 18
 13
 13
 15
 18



# name: <cell-element>
# type: matrix
# rows: 72
# columns: 1
 20
 7
 20
 8
 21
 8
 7
 19
 20
 8
 20
 7
 18
 7
 8
 8
 7
 17
 20
 18
 7
 8
 19
 7
 20
 7
 17
 13
 5
 21
 6
 6
 11
 6
 20
 6
 7
 13
 6
 7
 17
 17
 19
 9
 7
 6
 18
 23
 6
 6
 8
 18
 6
 16
 17
 20
 5
 6
 16
 16
 6
 20
 15
 6
 15
 6
 7
 11
 15
 6
 17
 16



# name: <cell-element>
# type: matrix
# rows: 6
# columns: 1
 19
 11
 20
 20
 12
 18



# name: <cell-element>
# type: scalar
21



# name: <cell-element>
# type: scalar
16



# name: <cell-element>
# type: matrix
# rows: 11
# columns: 1
 16
 16
 17
 6
 6
 20
 17
 17
 16
 18
 18



# name: <cell-element>
# type: scalar
12



# name: <cell-element>
# type: matrix
# rows: 6
# columns: 1
 11
 11
 19
 11
 11
 17



# name: <cell-element>
# type: matrix
# rows: 13
# columns: 1
 15
 17
 10
 11
 18
 18
 20
 17
 16
 7
 8
 15
 18



# name: <cell-element>
# type: scalar
16



# name: <cell-element>
# type: matrix
# rows: 2
# columns: 1
 15
 16



# name: <cell-element>
# type: matrix
# rows: 7
# columns: 1
 11
 11
 10
 11
 11
 12
 12



# name: <cell-element>
# type: scalar
20



# name: <cell-element>
# type: matrix
# rows: 2
# columns: 1
 11
 18



# name: <cell-element>
# type: matrix
# rows: 4
# columns: 1
 19
 18
 14
 17



# name: <cell-element>
# type: matrix
# rows: 12
# columns: 1
 16
 16
 13
 6
 16
 15
 15
 15
 13
 16
 15
 16



# name: <cell-element>
# type: matrix
# rows: 10
# columns: 1
 19
 19
 9
 10
 13
 11
 16
 14
 18
 19



# name: <cell-element>
# type: matrix
# rows: 2
# columns: 1
 23
 21



# name: <cell-element>
# type: scalar
13



# name: <cell-element>
# type: matrix
# rows: 2
# columns: 1
 12
 16



# name: <cell-element>
# type: matrix
# rows: 2
# columns: 1
 12
 9



# name: <cell-element>
# type: matrix
# rows: 2
# columns: 1
 7
 6



# name: <cell-element>
# type: matrix
# rows: 4
# columns: 1
 9
 10
 10
 10



# name: <cell-element>
# type: matrix
# rows: 35
# columns: 1
 20
 20
 19
 19
 19
 18
 20
 19
 19
 7
 19
 9
 20
 19
 18
 20
 20
 19
 10
 18
 20
 20
 20
 8
 19
 19
 8
 20
 20
 8
 9
 19
 20
 12
 13



# name: <cell-element>
# type: matrix
# rows: 8
# columns: 1
 12
 12
 8
 13
 13
 14
 11
 13



# name: <cell-element>
# type: scalar
18



# name: <cell-element>
# type: matrix
# rows: 3
# columns: 1
 12
 14
 13



# name: <cell-element>
# type: scalar
15



