# Created by Octave 3.8.2, Sat Aug 29 19:28:31 2015 CEST <anne@six>
# name: alpha
# type: scalar
1


# name: hyper
# type: scalar struct
# ndims: 2
 1 1
# length: 4
# name: mu
# type: matrix
# rows: 2
# columns: 1
 0
 0


# name: kappa
# type: scalar
0.0001


# name: nu
# type: scalar
4


# name: lambda
# type: diagonal matrix
# rows: 2
# columns: 2
0.001
0.001




# name: mu
# type: matrix
# rows: 2
# columns: 4
 0.8507183904857297 1.303940711504976 0.7478100339216667 -1.844611182038711
 1.678788363932777 3.348622775038446 -1.417101371075744 -1.034627597329104


# name: lp
# type: matrix
# rows: 2
# columns: 4
 3.622733918717951 8.278329604106982 -1.666768323048346 -9.779903244575079
 -9.320718800294882 -5.609746782677978 -9.86011578822899 2.086502462675237


# name: sli
# type: matrix
# rows: 2
# columns: 4
 -2.57284112204227 -0.677642356725554 5.915708651215462 -0.2133459207618052
 3.867551622252075 4.232228231813074 -5.840927658211876 -1.428167868408675


# name: clusters
# type: scalar
4


