# Created by Octave 3.8.2, Sat Aug 29 19:28:30 2015 CEST <anne@six>
# name: alpha
# type: scalar
1


# name: hyper
# type: scalar struct
# ndims: 2
 1 1
# length: 4
# name: mu
# type: matrix
# rows: 2
# columns: 1
 0
 0


# name: kappa
# type: scalar
0.0001


# name: nu
# type: scalar
4


# name: lambda
# type: diagonal matrix
# rows: 2
# columns: 2
0.001
0.001




# name: mu
# type: matrix
# rows: 2
# columns: 9
 -0.8122466073079067 -3.009691780155664 -1.287610659867751 -1.412305099844195 2.671377155844901 0.8389944984629673 -1.863742327684887 -6.555016397080557 -2.834404503666518
 0.8220053484690902 7.913655037394834 0.473000068869831 1.156152999529005 -0.6338117678012538 0.5022233541538933 4.383218291884957 -3.547555206528802 1.319685792161125


# name: lp
# type: matrix
# rows: 2
# columns: 9
 9.046284004134112 3.946120394079036 9.558205447416064 -0.8374765806847038 9.951488036600351 -9.604339483674668 -5.455297995831607 9.80339995486225 5.760878184911
 -4.262011932942859 -9.188478319908771 -2.939508228426294 -9.96486994279427 0.983811901432427 2.785078649217612 -8.380914256611604 1.973157197236664 8.173878059930704


# name: sli
# type: matrix
# rows: 2
# columns: 9
 -0.4711339961242803 -2.328484030465883 -0.3075376695550054 11.89868489772836 0.09886078321293135 -0.2899812791865232 1.5362889915483 0.2012727427547241 1.418859728945472
 0.4393283585297272 0.9056357906779366 0.07701128723992023 17.96072636202988 -0.8979062056852136 0.74551605204864 7.246465112989854 -2.228209077486209 5.341308197955225


# name: clusters
# type: scalar
9


