# Created by Octave 3.8.2, Sat Aug 29 19:28:30 2015 CEST <anne@six>
# name: alpha
# type: scalar
1


# name: hyper
# type: scalar struct
# ndims: 2
 1 1
# length: 4
# name: mu
# type: matrix
# rows: 2
# columns: 1
 0
 0


# name: kappa
# type: scalar
0.0001


# name: nu
# type: scalar
4


# name: lambda
# type: diagonal matrix
# rows: 2
# columns: 2
0.001
0.001




# name: mu
# type: matrix
# rows: 2
# columns: 6
 -0.8657151711023545 -5.233203011936651 1.829027551346633 1.358303590923 3.210719848542001 -1.601942975137257
 -0.8002977212790651 7.418156392680531 -0.1041949692296579 1.442935890869322 3.113979448524243 -1.628075017720686


# name: lp
# type: matrix
# rows: 2
# columns: 6
 -6.212681301825883 1.533775273395665 3.071155415353672 -9.904192021561459 4.053907100013696 8.105145377608322
 7.835980541192216 9.881676649775585 9.516722356712094 -1.380934611065403 9.141435184064838 5.857185194940865


# name: sli
# type: matrix
# rows: 2
# columns: 6
 -1.26128802694084 6.442714797388983 3.098743329346019 0.1394293050921371 2.254969085017748 0.7226502329152807
 -1.892213901331505 41.13419087542539 -5.771881893155119 1.253548565082773 -4.126094550590836 -0.4704305536207491


# name: clusters
# type: scalar
6


