# Created by Octave 3.8.2, Sat Aug 29 19:28:28 2015 CEST <anne@six>
# name: alpha
# type: scalar
1


# name: hyper
# type: scalar struct
# ndims: 2
 1 1
# length: 4
# name: mu
# type: matrix
# rows: 2
# columns: 1
 0
 0


# name: kappa
# type: scalar
0.0001


# name: nu
# type: scalar
4


# name: lambda
# type: diagonal matrix
# rows: 2
# columns: 2
0.001
0.001




# name: mu
# type: matrix
# rows: 2
# columns: 7
 1.209580892754551 -0.6412344069340619 0.3429648885581952 1.233166745471477 -2.223056350713319 -1.626341806527619 -1.183497130953606
 -0.0499130861406975 1.294252369326524 0.637072476190058 1.979652384674496 1.054168640688175 -0.3500521039062445 -1.281830911279636


# name: lp
# type: matrix
# rows: 2
# columns: 7
 3.231794197082122 -8.599061306437299 9.961030390187842 6.970545591593387 5.659089408329612 -9.996909450328012 -1.496759368833239
 -9.463377106916237 -5.10452198037513 0.8819714086943253 7.170180901171044 -8.244677499364762 0.2485989580479297 9.887351080638835


# name: sli
# type: matrix
# rows: 2
# columns: 7
 -2.928211553650415 0.5936138606842889 0.08854218631469243 1.028639839874001 -1.456891189460521 -0.02486758125430183 -6.605838778444574
 3.491995659097964 1.674898001230253 0.6067056151279406 0.7111679410747727 -2.184582570340316 -0.390495290927338 -9.099822153110862


# name: clusters
# type: scalar
7


