# Created by Octave 3.8.2, Sat Aug 29 19:28:27 2015 CEST <anne@six>
# name: alpha
# type: scalar
1


# name: hyper
# type: scalar struct
# ndims: 2
 1 1
# length: 4
# name: mu
# type: matrix
# rows: 2
# columns: 1
 0
 0


# name: kappa
# type: scalar
0.0001


# name: nu
# type: scalar
4


# name: lambda
# type: diagonal matrix
# rows: 2
# columns: 2
0.001
0.001




# name: mu
# type: matrix
# rows: 2
# columns: 11
 -0.1851802528913853 0.714566602026278 0.5094863760394767 0.3258674512698127 -1.944426297653108 -0.2472730049189539 1.03872900137684 6.982027040811712 -0.9917727787332501 -1.86913866435874 -1.561666726119692
 2.542673599614858 -0.692679206525709 -1.669771046905945 -1.259937262109544 0.261093844421416 -0.2264628669370046 -1.4481110646512 -2.852485179629141 0.2418411977046986 2.588865361303037 -0.7163321375880415


# name: lp
# type: matrix
# rows: 2
# columns: 11
 5.326851242276564 4.523429587615232 6.064355455370837 -5.765989720711621 6.112214997614851 8.205723929206645 -8.160012280563075 -9.329973408705435 8.756638190881475 8.386680817248417 -8.53166756192055
 8.463135107196187 -8.918440713818033 7.951326487505966 -8.170273100738306 -7.914595872369738 5.715426038157214 -5.780501672092122 3.598832615286445 4.829211901956263 5.44642863439864 5.216382713420542


# name: sli
# type: matrix
# rows: 2
# columns: 11
 1.588768809616552 -1.971610376833536 1.311157722534874 1.416976702436777 -1.294881785974188 0.6965169785708109 0.7083937466443669 -0.385728067770109 0.5514915423803912 0.6494140832446224 -0.6114142019202504
 2.836882209565596 0.71616772096798 -2.337788043376412 -1.721683848641321 -2.256708352578819 -0.05423302066872959 -2.183940193684701 -0.159321380058187 0.7887954971391852 3.802710333474646 -1.671157352603923


# name: clusters
# type: scalar
11


