# Created by Octave 3.8.2, Sat Aug 29 19:28:25 2015 CEST <anne@six>
# name: alpha
# type: scalar
1


# name: hyper
# type: scalar struct
# ndims: 2
 1 1
# length: 4
# name: mu
# type: matrix
# rows: 2
# columns: 1
 0
 0


# name: kappa
# type: scalar
0.0001


# name: nu
# type: scalar
4


# name: lambda
# type: diagonal matrix
# rows: 2
# columns: 2
0.001
0.001




# name: mu
# type: matrix
# rows: 2
# columns: 6
 -0.1371390843025277 -1.358467102302138 -0.8862527339700728 1.117255938277204 0.711799667344761 0.5569301542666989
 -0.593001413174423 -1.022582053166372 -0.6519459010301928 -1.49749518808865 -2.318115346759064 1.29252910496438


# name: lp
# type: matrix
# rows: 2
# columns: 6
 -8.403481260778106 -3.801084152714702 -9.382596664790455 -8.990021278718146 9.623323342241438 -9.582544788413967
 -5.420470708319639 -9.249419401453324 -3.459317826662221 -4.379442591037694 2.718758512753769 2.859166902795339


# name: sli
# type: matrix
# rows: 2
# columns: 6
 0.6450268097364378 2.433363490478754 0.3686951438127793 0.4871448526384514 0.2825176309747193 -0.298372401687315
 -0.5045430271365872 2.283062196592115 -0.3251888218246279 -2.041760667500133 -2.519211302505899 1.458701692665022


# name: clusters
# type: scalar
6


