# Created by Octave 3.8.2, Sat Aug 29 19:28:35 2015 CEST <anne@six>
# name: alpha
# type: scalar
1


# name: hyper
# type: scalar struct
# ndims: 2
 1 1
# length: 4
# name: mu
# type: matrix
# rows: 2
# columns: 1
 0
 0


# name: kappa
# type: scalar
0.0001


# name: nu
# type: scalar
4


# name: lambda
# type: diagonal matrix
# rows: 2
# columns: 2
0.001
0.001




# name: mu
# type: matrix
# rows: 2
# columns: 5
 -0.713461314592733 0.9171684321658078 2.148994860123546 1.462599793746827 0.01487014209506415
 -0.4694856838138958 -0.8887848394649964 1.945549967321078 1.716214469069821 3.428230709733609


# name: lp
# type: matrix
# rows: 2
# columns: 5
 -6.479507076449142 -8.963678411175898 7.072398115071334 8.044630434894737 -2.544624590743934
 7.616822700197602 -4.433110571711372 -7.069737258338208 -5.940027034110646 9.670826525803328


# name: sli
# type: matrix
# rows: 2
# columns: 5
 -1.175525022247792 0.4945637681718007 -0.9996237688136567 -0.738384078943506 -3.800492442374776
 -1.308177311523457 -1.342383115325141 4.093736308558954 2.796174870638534 3.48474457238294


# name: clusters
# type: scalar
5


