# Created by Octave 3.8.2, Sat Aug 29 19:28:27 2015 CEST <anne@six>
# name: alpha
# type: scalar
1


# name: hyper
# type: scalar struct
# ndims: 2
 1 1
# length: 4
# name: mu
# type: matrix
# rows: 2
# columns: 1
 0
 0


# name: kappa
# type: scalar
0.0001


# name: nu
# type: scalar
4


# name: lambda
# type: diagonal matrix
# rows: 2
# columns: 2
0.001
0.001




# name: mu
# type: matrix
# rows: 2
# columns: 5
 -5.254615875168954 -1.697565686351182 1.602955566231119 -4.289890932506645 -2.80432651530533
 2.972070726107282 1.309510668846048 2.145456139833716 1.002746996645137 1.932580202727153


# name: lp
# type: matrix
# rows: 2
# columns: 5
 -6.904296771614313 7.520525328336822 -2.683819005615029 4.526967323233253 9.250818923549396
 -7.23399516791905 -6.59103169358518 -9.633125948782128 8.916645493366794 3.797676821913679


# name: sli
# type: matrix
# rows: 2
# columns: 5
 1.047752639727225 -0.876405757022136 3.589335170750303 1.969673040846768 0.4105233118601103
 8.477608380068133 -0.178245671595362 -3.608088651189607 9.452429514576476 3.083821611327419


# name: clusters
# type: scalar
5


