# Created by Octave 3.8.2, Sat Aug 29 19:28:35 2015 CEST <anne@six>
# name: alpha
# type: scalar
1


# name: hyper
# type: scalar struct
# ndims: 2
 1 1
# length: 4
# name: mu
# type: matrix
# rows: 2
# columns: 1
 0
 0


# name: kappa
# type: scalar
0.0001


# name: nu
# type: scalar
4


# name: lambda
# type: diagonal matrix
# rows: 2
# columns: 2
0.001
0.001




# name: mu
# type: matrix
# rows: 2
# columns: 6
 -2.346411580977253 -1.30395553260745 1.212603889421566 2.575356118862954 0.4858530313622887 0.8621605392094549
 0.1138383436181059 -1.084379145277348 1.311099149704925 0.2529893991211877 1.402240698493878 1.0356876376358


# name: lp
# type: matrix
# rows: 2
# columns: 6
 -5.190383805904037 -8.582956472512691 7.316614656043788 -9.99322771514319 -5.836949505377556 4.466721696343861
 8.547509341756177 -5.131555143516682 6.816681742238319 -0.3679671633366368 -8.11973032013211 -8.946976991554802


# name: sli
# type: matrix
# rows: 2
# columns: 6
 -1.646797165950122 0.597877335152604 0.931671553401749 0.03682165300596919 1.391091410445034 -2.003029872865855
 -3.75022559808778 -0.3047736862845114 0.1813506003865315 0.1581605297456165 0.7263747198271159 2.762620952878471


# name: clusters
# type: scalar
6


