# Created by Octave 3.8.2, Sat Aug 29 19:28:30 2015 CEST <anne@six>
# name: alpha
# type: scalar
1


# name: hyper
# type: scalar struct
# ndims: 2
 1 1
# length: 4
# name: mu
# type: matrix
# rows: 2
# columns: 1
 0
 0


# name: kappa
# type: scalar
0.0001


# name: nu
# type: scalar
4


# name: lambda
# type: diagonal matrix
# rows: 2
# columns: 2
0.001
0.001




# name: mu
# type: matrix
# rows: 2
# columns: 5
 -0.257215443706048 -3.36218418923361 0.3505209935051565 -1.132117039670009 -2.281069830384314
 -1.465718339110505 -0.6027504302850872 -2.080045893129267 3.342588079359947 0.2490217408451539


# name: lp
# type: matrix
# rows: 2
# columns: 5
 -0.3611758929173348 -9.975958537699407 -6.408923356989794 5.990658187716895 8.616894002612957
 -9.993475470244341 -0.6930016263345427 7.676307797647946 -8.006997844257267 5.074360821594465


# name: sli
# type: matrix
# rows: 2
# columns: 5
 27.66927601264802 0.0694671718728252 -1.197753096746882 -1.336580654972875 0.5888851388975811
 5.651246767507866 -0.3691890033435006 -1.660208287683672 1.829422344971853 1.592309864746102


# name: clusters
# type: scalar
5


