# Created by Octave 3.8.2, Sat Aug 29 19:28:27 2015 CEST <anne@six>
# name: alpha
# type: scalar
1


# name: hyper
# type: scalar struct
# ndims: 2
 1 1
# length: 4
# name: mu
# type: matrix
# rows: 2
# columns: 1
 0
 0


# name: kappa
# type: scalar
0.0001


# name: nu
# type: scalar
4


# name: lambda
# type: diagonal matrix
# rows: 2
# columns: 2
0.001
0.001




# name: mu
# type: matrix
# rows: 2
# columns: 13
 -0.3397513211865903 0.4683570949157295 0.1960115053021266 4.039175084414422 2.443874874828319 1.523008552003072 0.5906337739577945 0.8484597830314896 -0.6143813704370517 2.523731797723498 27.20059216884807 1.323268683911445 -2.721364850680252
 -0.7824733340632966 -1.990638941856181 0.4378500599264025 -4.293981202432036 1.863980791285895 0.6685307823579018 4.019358118580699 -2.04254495682888 -2.969635193018526 -1.720046996384282 45.56155793010299 -2.830968320177768 -1.457015496884174


# name: lp
# type: matrix
# rows: 2
# columns: 13
 9.534039280613429 3.481986329222714 9.988708403534945 -6.438409334708894 9.350666318725468 1.920967066749544 6.842283659164819 -2.627257203027375 7.848630760603418 9.170184718628377 7.470441274897461 3.010137169857365 -7.73378009254401
 -3.016967847975874 -9.374207764024975 0.4750836022747666 -7.651593640460357 -3.544719931934413 -9.813760009724287 -7.29267813135381 -9.648705591380679 6.19669227763569 3.988447345300499 6.647744516624296 -9.536198100849369 6.339451512565574


# name: sli
# type: matrix
# rows: 2
# columns: 13
 -0.3164417262377546 -2.69220119715909 0.04756206539242224 1.188429197754062 -0.3790874159241276 -5.108760155024463 -1.065825168119962 3.672539399744541 0.7895252645519122 0.4349364236031515 0.8898730706795552 -3.168027755127597 -0.8197093060193577
 -0.889984828631139 -0.7297274102261002 0.4285273478935556 -9.094254807590865 2.790423002426463 8.449216188592699 4.648870460006593 -5.158546939110732 -2.484565578988446 -2.817709878619692 21.3564834525079 1.361183597944856 -3.687743590060757


# name: clusters
# type: scalar
13


