# Created by Octave 3.8.2, Sat Aug 29 19:28:30 2015 CEST <anne@six>
# name: alpha
# type: scalar
1


# name: hyper
# type: scalar struct
# ndims: 2
 1 1
# length: 4
# name: mu
# type: matrix
# rows: 2
# columns: 1
 0
 0


# name: kappa
# type: scalar
0.0001


# name: nu
# type: scalar
4


# name: lambda
# type: diagonal matrix
# rows: 2
# columns: 2
0.001
0.001




# name: mu
# type: matrix
# rows: 2
# columns: 5
 3.465614322864833 0.3773706855596315 -0.9538654255947828 -3.132103537532557 5.326198203567531
 4.496235557122972 -2.744406613405262 -1.25365398949813 -1.278316368096887 1.36765247281423


# name: lp
# type: matrix
# rows: 2
# columns: 5
 9.806691950020959 -2.990747690360563 -2.093286354849198 9.977961263150267 -1.06654168503138
 1.956730180018219 9.542296801745529 -9.778453468550236 -0.66354278767293 9.942961773741787


# name: sli
# type: matrix
# rows: 2
# columns: 5
 0.1995300953665662 -3.190605758052133 4.671340567380081 -0.06650083821466296 -9.322618996789842
 3.804741200778014 -1.540365531138621 3.202176268904045 -1.486603878717913 51.02176902606082


# name: clusters
# type: scalar
5


