# Created by Octave 3.8.2, Sat Aug 29 19:28:24 2015 CEST <anne@six>
# name: alpha
# type: scalar
1


# name: hyper
# type: scalar struct
# ndims: 2
 1 1
# length: 4
# name: mu
# type: matrix
# rows: 2
# columns: 1
 0
 0


# name: kappa
# type: scalar
0.0001


# name: nu
# type: scalar
4


# name: lambda
# type: diagonal matrix
# rows: 2
# columns: 2
0.001
0.001




# name: mu
# type: matrix
# rows: 2
# columns: 8
 -0.03642968423671348 -2.339189859893541 -5.648653763646417 -0.1570967803307665 0.6486801274985443 -0.4454276727715266 0.8640455829930971 3.283761565442495
 1.38613171835344 -0.4226899977038394 -2.655239475023087 -0.468959865299817 -0.107111705115605 -0.03923558467534183 -1.654909914108181 -1.22255081082175


# name: lp
# type: matrix
# rows: 2
# columns: 8
 7.897761756408814 -9.049169270651653 -6.178793283600381 -7.732592601424379 5.136304483405203 -8.824708260973702 3.438624746178913 -8.087583444661533
 -6.133951356100434 4.255882459736621 -7.862729396242428 -6.340899909350166 8.580115165529634 4.703671343610488 -9.390200203135501 -5.881410887332789


# name: sli
# type: matrix
# rows: 2
# columns: 8
 -0.776669586306893 -0.4703064261975226 1.272534787190812 0.820022499075167 1.670484137622873 -0.5330115403828084 -2.730801089467564 0.7272148630769308
 1.357837890568021 -1.522826020907854 4.532868940013284 -0.3401369708963192 -1.190721568493106 -0.2766536746684228 0.7046267052790045 -3.610551028012302


# name: clusters
# type: scalar
8


