# Created by Octave 3.8.2, Sat Aug 29 19:28:32 2015 CEST <anne@six>
# name: alpha
# type: scalar
1


# name: hyper
# type: scalar struct
# ndims: 2
 1 1
# length: 4
# name: mu
# type: matrix
# rows: 2
# columns: 1
 0
 0


# name: kappa
# type: scalar
0.0001


# name: nu
# type: scalar
4


# name: lambda
# type: diagonal matrix
# rows: 2
# columns: 2
0.001
0.001




# name: mu
# type: matrix
# rows: 2
# columns: 11
 -1.14484263785882 2.829167202408354 -1.287364540047744 1.938514485612779 -0.5474074984281503 2.963314833016055 2.219982725633546 -2.000249488918132 -1.454957955510467 0.08189401009842116 -5.247236074044065
 -1.85371451297792 -0.7427242083884631 -2.76046383945991 -2.574388943982021 0.9992678963407268 0.370145848243457 5.776847205179082 1.368186807856409 0.1538529939533812 -0.5102725062026976 0.3203381539242258


# name: lp
# type: matrix
# rows: 2
# columns: 11
 7.505396788034332 4.717849416630991 5.475256718659897 -9.933259432481949 3.62645156733356 -7.862881487619177 9.152874642266967 1.809316901041265 -9.889607840234289 -8.035967812954656 -1.130408837532172
 -6.608253858180989 8.817136546634321 -8.367888853514348 1.153411048589526 -9.319272988263837 6.178599737129414 4.028012634407485 9.83495665224847 1.481774870341806 -5.951741031761779 9.935903374129056


# name: sli
# type: matrix
# rows: 2
# columns: 11
 -0.8804669552869429 1.868888929679028 -1.528309864448226 -0.1161160701006006 -2.569804894737934 -0.7857933185001176 0.4400817002132386 5.435729167504287 -0.1498315094268391 0.7406377390122285 -8.789654719809528
 -2.861710624616148 -6.030123473180422 -4.727955765155731 -2.349296260079578 -0.4074625725361819 2.698698844639765 4.799873432838251 12.24100129705425 -0.06414555267333993 -0.5709263006806369 -45.80105517025201


# name: clusters
# type: scalar
11


