# Created by Octave 3.8.2, Sat Aug 29 19:28:31 2015 CEST <anne@six>
# name: alpha
# type: scalar
1


# name: hyper
# type: scalar struct
# ndims: 2
 1 1
# length: 4
# name: mu
# type: matrix
# rows: 2
# columns: 1
 0
 0


# name: kappa
# type: scalar
0.0001


# name: nu
# type: scalar
4


# name: lambda
# type: diagonal matrix
# rows: 2
# columns: 2
0.001
0.001




# name: mu
# type: matrix
# rows: 2
# columns: 7
 0.588019975403551 11.97844280726001 1.841545266493109 -4.233625796945616 -1.189715157078713 4.118901752486481 2.334651646941983
 -0.1489091592753576 4.033536299403401 1.589435300301022 1.133490106190782 -0.4221263996867998 0.3489862830725877 1.912014057335666


# name: lp
# type: matrix
# rows: 2
# columns: 7
 -8.654924232541459 -6.399528186998272 6.806306113506789 -9.458911358448368 9.920367487136037 -0.3586179279902095 6.808576094329267
 5.009220151776786 7.684142046046168 7.326267609720526 -3.24484143110514 1.259487562532569 9.993567590291468 -7.324158079105613


# name: sli
# type: matrix
# rows: 2
# columns: 7
 -0.5787711154007252 -1.200735713869939 1.076394080363488 0.3430459709517165 0.1269597687954377 -27.86689345481997 -1.075725376001271
 0.1914198177668626 18.41648037462899 -0.3927931232735615 2.585818378350225 -0.2710804384116584 115.1299825704846 4.423458078074317


# name: clusters
# type: scalar
7


