# Created by Octave 3.8.2, Sat Aug 29 19:28:34 2015 CEST <anne@six>
# name: alpha
# type: scalar
1


# name: hyper
# type: scalar struct
# ndims: 2
 1 1
# length: 4
# name: mu
# type: matrix
# rows: 2
# columns: 1
 0
 0


# name: kappa
# type: scalar
0.0001


# name: nu
# type: scalar
4


# name: lambda
# type: diagonal matrix
# rows: 2
# columns: 2
0.001
0.001




# name: mu
# type: matrix
# rows: 2
# columns: 5
 -1.330442677285168 7.884935452890199 -0.2913844848307059 -4.111151937724228 2.991428050322614
 -0.3057646814748314 -3.136085810447918 -1.159668594770772 -1.111382737943755 -1.734169158568954


# name: lp
# type: matrix
# rows: 2
# columns: 5
 1.675966969402068 9.4006171215648 9.007589349694019 1.438061851433435 -9.826499417941029
 -9.858556421579847 -3.410043655694564 -4.34319399834717 9.896058716047104 -1.854699217987818


# name: sli
# type: matrix
# rows: 2
# columns: 5
 -5.882309497481962 -0.3627467868967881 -0.4821705152993797 6.881525093084755 0.1887446525058094
 -8.131840277924702 -0.2758508100234276 -1.300165601971838 27.17961248298953 -2.298785206423227


# name: clusters
# type: scalar
5


