# Created by Octave 3.8.2, Sat Aug 29 19:28:26 2015 CEST <anne@six>
# name: alpha
# type: scalar
1


# name: hyper
# type: scalar struct
# ndims: 2
 1 1
# length: 4
# name: mu
# type: matrix
# rows: 2
# columns: 1
 0
 0


# name: kappa
# type: scalar
0.0001


# name: nu
# type: scalar
4


# name: lambda
# type: diagonal matrix
# rows: 2
# columns: 2
0.001
0.001




# name: mu
# type: matrix
# rows: 2
# columns: 6
 2.794907593984995 3.20995142217658 -3.468801091580862 -1.065239956827335 -3.716659177109519 -2.764255608123245
 0.2727095786097924 -0.3274078876850172 4.607201330150569 2.913576193968968 -0.1688878174468131 -2.828094968792976


# name: lp
# type: matrix
# rows: 2
# columns: 6
 -5.189739495241112 -9.872940426165451 2.528639061611424 8.600759844296999 9.303047249780128 -1.861494851760388
 8.547900559291419 1.589039754502053 -9.675018578591615 -5.1016595437885 3.667875661518314 -9.825214344576384


# name: sli
# type: matrix
# rows: 2
# columns: 6
 -1.647077000132603 -0.1609489864124724 -3.826176193143999 -0.5931638176330798 0.3942660467090504 5.278131355176635
 4.876137594158429 0.1892305401475777 -8.665042825208044 2.281714394481969 1.296464703277069 11.76200923016518


# name: clusters
# type: scalar
6


