# Created by Octave 3.8.2, Sat Aug 29 19:28:36 2015 CEST <anne@six>
# name: alpha
# type: scalar
1


# name: hyper
# type: scalar struct
# ndims: 2
 1 1
# length: 4
# name: mu
# type: matrix
# rows: 2
# columns: 1
 0
 0


# name: kappa
# type: scalar
0.0001


# name: nu
# type: scalar
4


# name: lambda
# type: diagonal matrix
# rows: 2
# columns: 2
0.001
0.001




# name: mu
# type: matrix
# rows: 2
# columns: 5
 -0.4839483882846274 2.094331601104569 -0.6918785348116887 1.861933548739731 0.2870198290059973
 -2.745109307022607 2.387827513570194 4.094620067273796 -0.3076864211852091 0.1673397204217303


# name: lp
# type: matrix
# rows: 2
# columns: 5
 0.04115658551319394 9.687900113632169 4.874129097582514 -9.996380013693866 -0.07098952132401593
 -9.999915306414795 -2.478828632295057 -8.731716070744596 0.2690476199891818 9.999748021218444


# name: sli
# type: matrix
# rows: 2
# columns: 5
 -242.9724230453722 -0.2558685167291325 -1.791441280263869 -0.02691450501287648 -140.8623108694706
 -120.3312218374411 2.923701033883769 2.855160299083654 -0.2575734013540107 40.59761609956682


# name: clusters
# type: scalar
5


