# Created by Octave 3.8.2, Sat Aug 29 19:28:32 2015 CEST <anne@six>
# name: alpha
# type: scalar
1


# name: hyper
# type: scalar struct
# ndims: 2
 1 1
# length: 4
# name: mu
# type: matrix
# rows: 2
# columns: 1
 0
 0


# name: kappa
# type: scalar
0.0001


# name: nu
# type: scalar
4


# name: lambda
# type: diagonal matrix
# rows: 2
# columns: 2
0.001
0.001




# name: mu
# type: matrix
# rows: 2
# columns: 8
 2.017561065800194 -1.547492606896385 3.260351846634699 -1.807354197290794 -2.270650717736964 -1.662027429478431 -0.2901840879651284 0.07887174691818871
 5.16327665615791 -1.174857111265107 -1.098260458955638 4.748980031578665 1.195419969430507 1.494322744238965 -1.586022667847128 1.901252116191946


# name: lp
# type: matrix
# rows: 2
# columns: 8
 -8.24863982110079 9.349095561543933 6.466799635264506 9.586535778374108 9.969506165016545 9.894428017093334 7.931188925404001 9.174196359319925
 -5.653312400862907 3.548860687758749 -7.627614468321196 -2.845756800914853 -0.7803504505650594 1.449239184730549 -6.090668455067057 -3.979211122903762


# name: sli
# type: matrix
# rows: 2
# columns: 8
 0.6853629838947758 0.3795940114631453 -1.17950375742687 -0.2968493381451186 -0.07827373168225171 0.1464702337746946 -0.7679388944522979 -0.4337394761407459
 3.780514983911165 -0.5874381849037477 2.747336794683623 4.212468134319091 1.017687664406251 1.737760290374626 -1.808866315546717 1.935461906382546


# name: clusters
# type: scalar
8


