# Created by Octave 3.8.2, Sat Aug 29 19:28:26 2015 CEST <anne@six>
# name: alpha
# type: scalar
1


# name: hyper
# type: scalar struct
# ndims: 2
 1 1
# length: 4
# name: mu
# type: matrix
# rows: 2
# columns: 1
 0
 0


# name: kappa
# type: scalar
0.0001


# name: nu
# type: scalar
4


# name: lambda
# type: diagonal matrix
# rows: 2
# columns: 2
0.001
0.001




# name: mu
# type: matrix
# rows: 2
# columns: 6
 -3.007398121450949 -1.263818805798635 -7.68763783968762 -1.600573022004844 2.518857685073412 -6.950581439955399
 2.983419760866829 0.6553816478282619 0.5175104119475019 0.8513519213835493 6.727004405351474 1.46058412948412


# name: lp
# type: matrix
# rows: 2
# columns: 6
 -9.677508789883325 -5.202925927721652 8.192033170308404 6.770624344643565 9.998287874623568 -4.207638668524911
 -2.519091824791427 -8.539880666065644 -5.735032043203145 7.359255803661121 0.1850393908207805 9.071701981168358


# name: sli
# type: matrix
# rows: 2
# columns: 6
 0.2603037495997767 1.641361184975631 -0.7000743190334567 1.086939022024348 0.0185071077309571 -2.156007845690006
 3.766256768419836 2.729764780508397 -4.864407413647644 2.59107719660005 6.680387634814871 -13.52492398716706


# name: clusters
# type: scalar
6


