# Created by Octave 3.8.2, Sat Aug 29 19:28:36 2015 CEST <anne@six>
# name: alpha
# type: scalar
1


# name: hyper
# type: scalar struct
# ndims: 2
 1 1
# length: 4
# name: mu
# type: matrix
# rows: 2
# columns: 1
 0
 0


# name: kappa
# type: scalar
0.0001


# name: nu
# type: scalar
4


# name: lambda
# type: diagonal matrix
# rows: 2
# columns: 2
0.001
0.001




# name: mu
# type: matrix
# rows: 2
# columns: 7
 0.1067328307592116 1.024350764117804 -1.613738418034423 -1.367388711569943 0.3953574269220315 0.4227325170959522 2.389398879383987
 -1.230257951174979 -0.6317284975169799 -0.7658026968546137 1.108553120400817 2.02134040134785 0.8335044217907202 -1.754534822795327


# name: lp
# type: matrix
# rows: 2
# columns: 7
 -7.890419742336458 -4.13131482680472 -9.97268424493461 -9.332624675195413 -7.443101320438533 4.467814707992678 -0.9181613091494869
 6.143392897230901 -9.106713886019671 -0.7386263946224881 -3.591951652226643 -6.678341316051926 8.94643122898982 -9.95775977870429


# name: sli
# type: matrix
# rows: 2
# columns: 7
 -0.7785888581146332 2.204313703456744 0.07406495347505422 0.3848811858654792 0.8972525065208236 2.00241769493823 10.84532715490743
 -1.147156958350822 -2.889718924008243 -0.6462812360019865 1.634835309248927 1.666604959070433 -0.01298265066799231 -27.66834737328387


# name: clusters
# type: scalar
7


