# Created by Octave 3.8.2, Sat Aug 29 19:28:36 2015 CEST <anne@six>
# name: alpha
# type: scalar
1


# name: hyper
# type: scalar struct
# ndims: 2
 1 1
# length: 4
# name: mu
# type: matrix
# rows: 2
# columns: 1
 0
 0


# name: kappa
# type: scalar
0.0001


# name: nu
# type: scalar
4


# name: lambda
# type: diagonal matrix
# rows: 2
# columns: 2
0.001
0.001




# name: mu
# type: matrix
# rows: 2
# columns: 7
 -0.1912266469324863 -2.330214232787998 -2.523944603573157 0.9922444208066207 -1.198704674778596 -2.777541173827871 1.254744291968574
 -0.192041477312692 -5.036900546677694 1.164193245790319 -5.958509998177925 -2.126153118036065 1.999899031673805 0.2594013259852654


# name: lp
# type: matrix
# rows: 2
# columns: 7
 5.759892964260965 9.007848538654116 0.06123246177927932 -9.749268966307881 8.385286300893748 7.156067338289773 8.301297455960816
 -8.174572346016459 -4.342656411076858 9.999812527523925 -2.225253833293201 5.448575378210679 6.985034019234432 5.575702695415035


# name: sli
# type: matrix
# rows: 2
# columns: 7
 -1.419222960693561 -0.4820969616042972 163.3090069703485 0.2282482759459575 0.6497780973357988 0.9760995375015271 0.6716664141954528
 -0.4634347253357175 -6.160289748191877 413.3470801034925 -6.184988076544032 -1.347261075190901 4.711055686838638 -0.5833682733334788


# name: clusters
# type: scalar
7


