# Created by Octave 3.8.2, Sat Aug 29 19:28:24 2015 CEST <anne@six>
# name: alpha
# type: scalar
1


# name: hyper
# type: scalar struct
# ndims: 2
 1 1
# length: 4
# name: mu
# type: matrix
# rows: 2
# columns: 1
 0
 0


# name: kappa
# type: scalar
0.0001


# name: nu
# type: scalar
4


# name: lambda
# type: diagonal matrix
# rows: 2
# columns: 2
0.001
0.001




# name: mu
# type: matrix
# rows: 2
# columns: 5
 2.247145127014257 -2.208551728376225 -1.204310187703025 -2.253852382892341 -0.6524356499080929
 -0.08973114160128738 -0.6604820795725092 -0.8132626972597471 1.32768379942995 2.270589517546349


# name: lp
# type: matrix
# rows: 2
# columns: 5
 9.024582648110307 -8.64803964506542 1.454559645017358 9.502798031835306 9.230878692153437
 -4.307772977702788 -5.021096523407687 9.893647266760979 -3.113973276402198 -3.845891128301431


# name: sli
# type: matrix
# rows: 2
# columns: 5
 -0.4773376393871033 0.5806051694354488 6.801816137723877 -0.327690146204316 -0.4166332649968166
 0.9829158086879306 0.6218144708883223 7.378233772283961 0.5891185825570124 1.99876312252482


# name: clusters
# type: scalar
5


