# Created by Octave 3.8.2, Sat Aug 29 19:28:32 2015 CEST <anne@six>
# name: alpha
# type: scalar
1


# name: hyper
# type: scalar struct
# ndims: 2
 1 1
# length: 4
# name: mu
# type: matrix
# rows: 2
# columns: 1
 0
 0


# name: kappa
# type: scalar
0.0001


# name: nu
# type: scalar
4


# name: lambda
# type: diagonal matrix
# rows: 2
# columns: 2
0.001
0.001




# name: mu
# type: matrix
# rows: 2
# columns: 5
 -0.04386064327770046 -0.4640769806795197 1.321108171051126 -2.400718612314257 -1.655351619936184
 -3.925488995030017 0.2035015321795707 2.556347802865019 -1.059878628910734 -2.828268707547284


# name: lp
# type: matrix
# rows: 2
# columns: 5
 -3.735498305592148 7.528850579573362 5.278587157466863 9.94483765553486 9.527162944713863
 9.276101142663236 6.581520261342196 -8.493321942622092 1.048906099255758 -3.038612549317707


# name: sli
# type: matrix
# rows: 2
# columns: 5
 -2.48322991574555 0.8741733139449757 -1.609014247421832 0.1054724205248321 -0.3189420152621277
 -4.034405056541046 0.6091852443057649 4.682029672471678 -0.8066690258709337 -3.356229889177158


# name: clusters
# type: scalar
5


