# Created by Octave 3.8.2, Sat Aug 29 19:28:34 2015 CEST <anne@six>
# name: alpha
# type: scalar
1


# name: hyper
# type: scalar struct
# ndims: 2
 1 1
# length: 4
# name: mu
# type: matrix
# rows: 2
# columns: 1
 0
 0


# name: kappa
# type: scalar
0.0001


# name: nu
# type: scalar
4


# name: lambda
# type: diagonal matrix
# rows: 2
# columns: 2
0.001
0.001




# name: mu
# type: matrix
# rows: 2
# columns: 6
 0.8855643038750717 2.809457646600408 1.605623165851013 0.636223991478352 0.9586269902605686 4.238461900739829
 -3.609920237285067 -0.3170969131994283 0.6244652838891227 -0.1907284917817856 0.05451029381671801 -1.45860267416073


# name: lp
# type: matrix
# rows: 2
# columns: 6
 -9.965690676463769 9.454940874964947 9.962567173126065 7.009161041410827 8.405621617145272 -3.637563404358882
 -0.8276529109736195 -3.256392643849492 0.864439310160602 -7.132437275964555 5.417151025158899 -9.314941356727321


# name: sli
# type: matrix
# rows: 2
# columns: 6
 0.08305023082126249 -0.3444117405823085 0.08676873090426124 -1.017587873045775 0.6444676279633295 2.560763984365263
 -3.683466557128962 0.6505132849584945 0.4851473994777482 0.456685326487364 -0.5632937686981364 -12.31230325867962


# name: clusters
# type: scalar
6


