# Created by Octave 3.8.2, Sat Aug 29 19:28:25 2015 CEST <anne@six>
# name: alpha
# type: scalar
1


# name: hyper
# type: scalar struct
# ndims: 2
 1 1
# length: 4
# name: mu
# type: matrix
# rows: 2
# columns: 1
 0
 0


# name: kappa
# type: scalar
0.0001


# name: nu
# type: scalar
4


# name: lambda
# type: diagonal matrix
# rows: 2
# columns: 2
0.001
0.001




# name: mu
# type: matrix
# rows: 2
# columns: 7
 2.039778883152619 -1.545938851416724 5.60055142754196 -2.885940082850366 -3.350926373096889 4.561634894682475 1.129157322865739
 1.614984387414071 -1.288814423660037 -1.43481095708526 0.380547923561621 2.939648069759778 -1.202922180310033 -0.2619994045633618


# name: lp
# type: matrix
# rows: 2
# columns: 7
 9.974668790005316 -5.438354595772771 9.886722209095545 1.344476683577167 -6.331643563464892 7.07116903747437 3.259044604154471
 0.7113244897329908 -8.391918689467694 1.500907712078557 -9.90920695350124 -7.740173756785671 -7.070966584807469 9.454027092627333


# name: sli
# type: matrix
# rows: 2
# columns: 7
 0.07131309366840759 1.543098843902295 0.1518104464083919 -7.370307774424485 1.222458857515028 -0.999971369279135 2.900858454215631
 1.469521444856969 1.096722030704751 -2.285033169433561 -20.88971870559367 7.036017695432777 3.358582111477085 -3.53752497073793


# name: clusters
# type: scalar
7


