# Created by Octave 3.8.2, Sat Aug 29 19:28:24 2015 CEST <anne@six>
# name: alpha
# type: scalar
1


# name: hyper
# type: scalar struct
# ndims: 2
 1 1
# length: 4
# name: mu
# type: matrix
# rows: 2
# columns: 1
 0
 0


# name: kappa
# type: scalar
0.0001


# name: nu
# type: scalar
4


# name: lambda
# type: diagonal matrix
# rows: 2
# columns: 2
0.001
0.001




# name: mu
# type: matrix
# rows: 2
# columns: 5
 2.525363217694178 1.877152374813158 -1.21616465096662 0.2826313985570467 0.4336044701584323
 -0.02453382133849356 -1.02340838016445 1.922837483811387 -4.714353236522151 1.64754187408339


# name: lp
# type: matrix
# rows: 2
# columns: 5
 -6.169133687531457 -4.834235487320693 9.995766376512002 9.981613902991652 4.644888687014653
 7.870310638428735 8.753865846192141 -0.2909545431714742 -0.6061220104927343 8.85578958000038


# name: sli
# type: matrix
# rows: 2
# columns: 5
 -1.275756214253479 -1.810806666152676 -0.02910777745417876 -0.06072384850620897 1.906566588938462
 3.197213996882015 2.375751653531543 1.887437633803412 -4.697190770293076 0.8208460784649588


# name: clusters
# type: scalar
5


