# Created by Octave 3.8.2, Sat Aug 29 19:28:27 2015 CEST <anne@six>
# name: alpha
# type: scalar
1


# name: hyper
# type: scalar struct
# ndims: 2
 1 1
# length: 4
# name: mu
# type: matrix
# rows: 2
# columns: 1
 0
 0


# name: kappa
# type: scalar
0.0001


# name: nu
# type: scalar
4


# name: lambda
# type: diagonal matrix
# rows: 2
# columns: 2
0.001
0.001




# name: mu
# type: matrix
# rows: 2
# columns: 5
 1.388018155029996 1.129287015389683 -0.1083558341563855 0.6013575294260576 -0.5807227885436064
 -0.3925378649402695 -2.817017674819552 0.7224850947433725 -1.029391518416013 0.8597671157285544


# name: lp
# type: matrix
# rows: 2
# columns: 5
 3.618293566758423 6.412696647063872 5.853660544704599 -6.559102064725744 9.722261708375052
 9.322443438538773 -7.673155916097089 -8.107691300695203 7.54838923907018 -2.340433138088807


# name: sli
# type: matrix
# rows: 2
# columns: 5
 2.576475144025037 -1.19655682131952 -1.385063455384284 -1.150826616903056 -0.2407292879261507
 -3.968732140830546 -1.465761593327466 0.5724053886756828 -0.3373332672774434 0.7199701323599634


# name: clusters
# type: scalar
5


