# Created by Octave 3.8.2, Sat Aug 29 19:28:34 2015 CEST <anne@six>
# name: alpha
# type: scalar
1


# name: hyper
# type: scalar struct
# ndims: 2
 1 1
# length: 4
# name: mu
# type: matrix
# rows: 2
# columns: 1
 0
 0


# name: kappa
# type: scalar
0.0001


# name: nu
# type: scalar
4


# name: lambda
# type: diagonal matrix
# rows: 2
# columns: 2
0.001
0.001




# name: mu
# type: matrix
# rows: 2
# columns: 7
 -2.810329893277312 -3.013161225775837 -2.535974882380433 0.9508722772052566 -0.1545648533181664 0.6378838520209164 2.317568986638297
 1.529941828746433 0.003470238147968985 -0.6486199840635565 -1.907153066553415 2.703350845684176 1.559903345653954 -0.3535863132821235


# name: lp
# type: matrix
# rows: 2
# columns: 7
 9.958960635689104 5.930302494799467 -7.43382103784989 -5.874410652271945 7.928763547903964 -9.133508194203031 9.557709270046516
 -0.9050431242735657 -8.051801805818075 6.688669881016732 -8.092669490870977 -6.09382544888097 -4.071735264776689 2.941121131348877


# name: sli
# type: matrix
# rows: 2
# columns: 7
 -0.09087726695396681 -1.357738802173926 -0.8997620264142543 1.377613852674926 -0.7685719736833272 0.4458018954163734 0.3077223891467629
 1.274546728806358 -4.087615675293835 -2.930393883169825 -3.217087887755928 2.584556631307359 1.275533515367532 -1.066754178862903


# name: clusters
# type: scalar
7


