# Created by Octave 3.8.2, Sat Aug 29 19:28:34 2015 CEST <anne@six>
# name: alpha
# type: scalar
1


# name: hyper
# type: scalar struct
# ndims: 2
 1 1
# length: 4
# name: mu
# type: matrix
# rows: 2
# columns: 1
 0
 0


# name: kappa
# type: scalar
0.0001


# name: nu
# type: scalar
4


# name: lambda
# type: diagonal matrix
# rows: 2
# columns: 2
0.001
0.001




# name: mu
# type: matrix
# rows: 2
# columns: 10
 0.0372211960874663 1.128153681356222 0.9844874501769234 0.164997040404585 2.76569059523941 1.544199503341708 -0.06681148792972262 -0.5241608241962983 -3.324226862255129 2.455155271975383
 3.475266191493297 0.6946315958428753 -0.6264985963177522 -0.2051386159682593 0.3878135891123555 -1.135126822753592 -0.07468787746972601 -0.0992157101982834 2.525013223003015 -1.710125820303957


# name: lp
# type: matrix
# rows: 2
# columns: 10
 6.714653261528861 -9.99999133803696 -7.88161468986152 6.064168431740315 6.246768373033854 4.894106377988752 9.365049901660994 -9.520603962746568 -8.945275997971462 -6.813791807818439
 -7.410359746830098 0.01316203577632176 6.154685197518967 7.951469124098024 7.808833772956367 -8.720534545595804 3.506542505003955 -3.059101205343549 -4.470127215204917 7.319306059983168


# name: sli
# type: matrix
# rows: 2
# columns: 10
 -1.1036101877795 -0.001316204717723837 -0.7808914086394022 1.311221680862199 1.250059759965755 -1.781844094116224 0.3744285980133466 0.3213137756085213 0.4997193173490249 -1.07418985880735
 3.516343882696763 0.6961164770405939 0.1422791954387188 -0.4214863126248475 -3.069464932512167 1.616395942413038 -0.04967174571301434 0.06920438325030356 4.186193601322438 0.927177074649401


# name: clusters
# type: scalar
10


