# Created by Octave 3.8.2, Sat Aug 29 19:28:29 2015 CEST <anne@six>
# name: alpha
# type: scalar
1


# name: hyper
# type: scalar struct
# ndims: 2
 1 1
# length: 4
# name: mu
# type: matrix
# rows: 2
# columns: 1
 0
 0


# name: kappa
# type: scalar
0.0001


# name: nu
# type: scalar
4


# name: lambda
# type: diagonal matrix
# rows: 2
# columns: 2
0.001
0.001




# name: mu
# type: matrix
# rows: 2
# columns: 5
 1.481576450473076 1.900833806851481 -4.5762263213345 0.4227630937652899 -0.808261155666389
 0.2329565962632822 1.008247132252256 -2.600147622203587 -0.5916063548902242 -2.27104810566851


# name: lp
# type: matrix
# rows: 2
# columns: 5
 -8.898223803703834 2.058703052104498 1.358451561217729 1.785322901800569 9.441933002905502
 4.563070582316086 -9.785792852051163 9.907300810807408 -9.839340533608256 3.293918816340788


# name: sli
# type: matrix
# rows: 2
# columns: 5
 -0.5128069020265297 -4.753377541286341 7.293083606106949 -5.511238624500304 0.3488606427653291
 0.9927192259458426 10.0436278594579 30.77465353975617 1.738341936482285 -1.989077599380486


# name: clusters
# type: scalar
5


