# Created by Octave 3.8.2, Sat Aug 29 19:28:28 2015 CEST <anne@six>
# name: alpha
# type: scalar
1


# name: hyper
# type: scalar struct
# ndims: 2
 1 1
# length: 4
# name: mu
# type: matrix
# rows: 2
# columns: 1
 0
 0


# name: kappa
# type: scalar
0.0001


# name: nu
# type: scalar
4


# name: lambda
# type: diagonal matrix
# rows: 2
# columns: 2
0.001
0.001




# name: mu
# type: matrix
# rows: 2
# columns: 7
 -0.5190769339909717 3.420680970044523 -0.9397377779457804 1.265823442745062 2.60742208392256 3.251908921382856 -4.157449251404739
 -2.376065720868896 0.8478029154283473 -7.161351370659542 1.414004320148671 -1.641598483553294 0.4895315196974774 -1.581601296132322


# name: lp
# type: matrix
# rows: 2
# columns: 7
 -7.947837964599564 7.863237470383457 -9.992063201700226 8.827612777139088 -9.961662891819785 7.53443876101967 -8.691850269969098
 6.068926732830928 6.178146686859868 -0.3983377627444352 4.698218029943983 -0.8747985080809704 -6.575122246501914 -4.944869956271661


# name: sli
# type: matrix
# rows: 2
# columns: 7
 -0.7635946731504231 0.7857001279853991 0.03986541665155351 0.5322184092749267 0.08781651392754199 -0.8726757831676998 0.5689087826738691
 -2.772430102619655 -1.839826560532854 -7.123888332598528 0.7403097810279834 -1.87057320130106 3.327393684455291 0.7836080965127359


# name: clusters
# type: scalar
7


