# Created by Octave 3.8.2, Sat Aug 29 19:28:32 2015 CEST <anne@six>
# name: alpha
# type: scalar
1


# name: hyper
# type: scalar struct
# ndims: 2
 1 1
# length: 4
# name: mu
# type: matrix
# rows: 2
# columns: 1
 0
 0


# name: kappa
# type: scalar
0.0001


# name: nu
# type: scalar
4


# name: lambda
# type: diagonal matrix
# rows: 2
# columns: 2
0.001
0.001




# name: mu
# type: matrix
# rows: 2
# columns: 10
 -3.609228865060181 -1.158548801077447 -2.589346966133989 -6.863764343191121 4.793338124859803 -1.910795011293891 1.251103339999692 3.350532296460822 -0.3887017898623136 1.375535743205422
 -0.6513566673487776 6.018911662709446 -0.8595220383524942 -2.120992951206888 2.745280045713507 -1.654997527621112 -0.3937535106706674 -1.181028208853128 2.517635426813731 -1.521763743721724


# name: lp
# type: matrix
# rows: 2
# columns: 10
 -8.721861808674076 8.889424506624689 9.217768670750843 -0.842972504932493 -0.822605973568534 9.983515667443069 6.034313585063353 5.014613119282364 0.3829610065615928 2.871847228452258
 -4.891740650360829 -4.580189072627944 3.877207852633677 9.964406523016201 -9.966108539056224 -0.5739467901458832 -7.974149456658049 -8.65180069487972 -9.992664352786665 -9.578752188903891


# name: sli
# type: matrix
# rows: 2
# columns: 10
 0.5608596831350721 -0.5152402238429088 0.4206232539699714 -11.82055934767905 12.11528831455284 -0.05748944653009994 -1.321467528037711 -1.725317684351663 -26.09316400775522 -3.335397542739844
 1.372914290270831 5.421980719109368 0.2296175082000576 -83.25452671838083 -55.3273933261011 -1.764848075252874 1.25953892735845 4.599704414222117 -7.624824126171623 3.066194794116466


# name: clusters
# type: scalar
10


