# Created by Octave 3.8.2, Sat Aug 29 19:28:29 2015 CEST <anne@six>
# name: alpha
# type: scalar
1


# name: hyper
# type: scalar struct
# ndims: 2
 1 1
# length: 4
# name: mu
# type: matrix
# rows: 2
# columns: 1
 0
 0


# name: kappa
# type: scalar
0.0001


# name: nu
# type: scalar
4


# name: lambda
# type: diagonal matrix
# rows: 2
# columns: 2
0.001
0.001




# name: mu
# type: matrix
# rows: 2
# columns: 4
 -1.518229576156225 1.42553373213014 7.399319753331896 0.7136274833036247
 0.6558011006902635 2.115777587222885 2.076623627044297 -4.588381352156953


# name: lp
# type: matrix
# rows: 2
# columns: 4
 -9.996726732235187 5.094790479097053 6.893572997433495 9.710027136570989
 0.2558410463830754 -8.604830618559671 7.244215025042795 2.390684631450787


# name: sli
# type: matrix
# rows: 2
# columns: 4
 -0.02559248174285858 -1.688946906426013 1.050865063406139 0.2462078218552782
 0.6169458379810174 4.523428374110011 -5.69906299470312 -4.764082020437202


# name: clusters
# type: scalar
4


