# Created by Octave 3.8.2, Sat Aug 29 19:28:35 2015 CEST <anne@six>
# name: alpha
# type: scalar
1


# name: hyper
# type: scalar struct
# ndims: 2
 1 1
# length: 4
# name: mu
# type: matrix
# rows: 2
# columns: 1
 0
 0


# name: kappa
# type: scalar
0.0001


# name: nu
# type: scalar
4


# name: lambda
# type: diagonal matrix
# rows: 2
# columns: 2
0.001
0.001




# name: mu
# type: matrix
# rows: 2
# columns: 6
 0.04602785272049006 0.466624389392984 -0.7613986092239808 0.8417564427215248 0.889796894135045 -2.68013739315173
 -9.688720631559741 0.2655380624179578 1.435066315594002 0.7240167587100135 -1.939834111767961 3.037748139436007


# name: lp
# type: matrix
# rows: 2
# columns: 6
 8.632257753277827 1.514486955777741 0.9968825513695 5.948467820289521 6.957801152740853 9.987873242403447
 5.048180472306319 -9.884651195706356 9.95018719315245 -8.038391044915645 -7.182548511421142 -0.4923292533267285


# name: sli
# type: matrix
# rows: 2
# columns: 6
 0.5848041864122318 -6.526732473988362 9.981303393747895 -1.351338073562009 -1.032301492058559 -0.04929270139678466
 -9.715637912522249 3.311070617824137 9.034816837836249 1.861514288425729 -1.021295450323283 2.905636927213022


# name: clusters
# type: scalar
6


