# Created by Octave 3.8.2, Sat Aug 29 19:28:25 2015 CEST <anne@six>
# name: alpha
# type: scalar
1


# name: hyper
# type: scalar struct
# ndims: 2
 1 1
# length: 4
# name: mu
# type: matrix
# rows: 2
# columns: 1
 0
 0


# name: kappa
# type: scalar
0.0001


# name: nu
# type: scalar
4


# name: lambda
# type: diagonal matrix
# rows: 2
# columns: 2
0.001
0.001




# name: mu
# type: matrix
# rows: 2
# columns: 5
 1.545662152874565 -0.4848940727877343 0.2626516632012845 -1.52711071544283 0.9283605489060831
 2.805366259502936 1.042774629002451 -0.735946358150527 0.7053107438596482 -2.626430429211558


# name: lp
# type: matrix
# rows: 2
# columns: 5
 -1.446364557105132 0.4625047423368527 5.061379111608185 -6.261036589084687 4.629708972927447
 9.89484863795046 -9.989298742319999 8.624525580492897 7.797398337275247 -8.863734812481423


# name: sli
# type: matrix
# rows: 2
# columns: 5
 -6.841185778055007 -21.59826230504803 1.703987271119979 -1.24538456633028 -1.914533907922235
 13.37952819742629 -9.430094745230088 -1.183501448984008 -1.196529372230444 -0.8490526795535631


# name: clusters
# type: scalar
5


