# Created by Octave 3.8.2, Sat Aug 29 19:28:34 2015 CEST <anne@six>
# name: alpha
# type: scalar
1


# name: hyper
# type: scalar struct
# ndims: 2
 1 1
# length: 4
# name: mu
# type: matrix
# rows: 2
# columns: 1
 0
 0


# name: kappa
# type: scalar
0.0001


# name: nu
# type: scalar
4


# name: lambda
# type: diagonal matrix
# rows: 2
# columns: 2
0.001
0.001




# name: mu
# type: matrix
# rows: 2
# columns: 10
 -0.8580251446549526 2.380996644590979 -0.2751835652350593 3.170351374691984 -1.177143001924501 -1.115493071128364 -4.247656265478739 -3.174772670888658 1.563087986364057 0.6655756000343102
 -1.246746772284969 -2.970608648394174 0.333714147053744 -0.8008411052309852 1.132537158062274 -5.407094087138103 4.550378196814671 -0.6233561220963306 -1.467314409438896 2.07925315346052


# name: lp
# type: matrix
# rows: 2
# columns: 10
 9.693477638069032 9.928767413703529 7.675745802934246 9.915093907823389 3.477956949504565 -7.002518802064376 -9.96473307893986 -9.488123590669401 9.921904606378227 -9.408528846320712
 2.456927202880788 1.191460299203854 6.409596427914733 -1.300351029162327 -9.375703464668286 7.138958637415886 -0.8391034891369221 -3.158403192783146 -1.247320721358589 -3.388153619296366


# name: sli
# type: matrix
# rows: 2
# columns: 10
 0.253461894132993 0.1200008268457794 0.8350454265257853 -0.1311486347230963 -2.695750292712466 -1.01948439400281 0.08420732221220659 0.3328796429137066 -0.125713839312339 0.3601151332624477
 -1.02927009390699 -3.256330214462118 0.5635049246583403 -0.3850538508476398 -2.040746433940131 -6.544321864771737 4.908061956608536 0.4334610709212807 -1.270812617490078 1.839569307557931


# name: clusters
# type: scalar
10


