# Created by Octave 3.8.2, Sat Aug 29 19:28:32 2015 CEST <anne@six>
# name: alpha
# type: scalar
1


# name: hyper
# type: scalar struct
# ndims: 2
 1 1
# length: 4
# name: mu
# type: matrix
# rows: 2
# columns: 1
 0
 0


# name: kappa
# type: scalar
0.0001


# name: nu
# type: scalar
4


# name: lambda
# type: diagonal matrix
# rows: 2
# columns: 2
0.001
0.001




# name: mu
# type: matrix
# rows: 2
# columns: 7
 -0.3484956636771863 -1.277229291822246 -0.89686597321359 1.761437105455764 2.457820397268511 5.709185623283505 -4.439148521776128
 3.677997848852064 -0.72908662218068 -3.13990300701159 -0.4854771600017078 -1.458309954507174 -0.3259804051716379 4.262658432680245


# name: lp
# type: matrix
# rows: 2
# columns: 7
 6.642543838547867 9.728730779626037 3.331737566446178 5.279054116180252 2.719059893287991 -9.824109859602867 9.505858479675537
 7.475065976496112 2.313395214302338 9.428654452695321 -8.493031710669657 9.623238191830891 -1.867315042100222 3.104618263874113


# name: sli
# type: matrix
# rows: 2
# columns: 7
 1.125331824400913 0.2377900331199485 2.829951118494745 -1.608816944050373 3.539178454871806 0.1900747313279441 0.3266005138317695
 4.070171109853719 -0.4253742265764998 -0.6018161429759132 2.34835270113457 -10.15697495046435 -1.411152328618611 5.712486620867868


# name: clusters
# type: scalar
7


