# Created by Octave 3.8.2, Sat Aug 29 19:28:32 2015 CEST <anne@six>
# name: alpha
# type: scalar
1


# name: hyper
# type: scalar struct
# ndims: 2
 1 1
# length: 4
# name: mu
# type: matrix
# rows: 2
# columns: 1
 0
 0


# name: kappa
# type: scalar
0.0001


# name: nu
# type: scalar
4


# name: lambda
# type: diagonal matrix
# rows: 2
# columns: 2
0.001
0.001




# name: mu
# type: matrix
# rows: 2
# columns: 5
 -2.491196868247766 -2.308288934106113 0.4939525716878315 -2.136950397559235 -1.580561711038497
 -1.909346910064162 -0.4333787378532898 1.084293057615316 -1.978581336562634 -0.8566503643795367


# name: lp
# type: matrix
# rows: 2
# columns: 5
 -9.993855059495628 9.731310779645057 -9.998114080049062 9.677387220775923 8.984123271283897
 -0.3505154059290986 2.302518297422174 -0.1942030955590204 -2.519558806450614 4.39152923779122


# name: sli
# type: matrix
# rows: 2
# columns: 5
 0.03507309279976575 0.2366092656539489 0.01942397276167781 -0.2603552745147464 0.4888099934946282
 -1.821972931121622 0.1127838117626939 1.074698536317291 -2.534947643943565 -0.08405600468895036


# name: clusters
# type: scalar
5


