# Created by Octave 3.8.2, Sat Aug 29 19:28:27 2015 CEST <anne@six>
# name: alpha
# type: scalar
1


# name: hyper
# type: scalar struct
# ndims: 2
 1 1
# length: 4
# name: mu
# type: matrix
# rows: 2
# columns: 1
 0
 0


# name: kappa
# type: scalar
0.0001


# name: nu
# type: scalar
4


# name: lambda
# type: diagonal matrix
# rows: 2
# columns: 2
0.001
0.001




# name: mu
# type: matrix
# rows: 2
# columns: 4
 -1.000916484374923 1.443043928638875 -0.7051386172844355 2.643707821878665
 -5.05121819903374 -1.816968709680255 -2.569424976416749 -0.1853381762471076


# name: lp
# type: matrix
# rows: 2
# columns: 4
 1.813999612879664 9.997071597673703 4.07266016570652 3.420205538645784
 -9.834094030691004 -0.2419906423516469 -9.133095815476116 9.396924713618638


# name: sli
# type: matrix
# rows: 2
# columns: 4
 -5.421221681012216 -0.0242061527705731 -2.242538155375829 2.747473684677825
 -10.4774083450096 -1.782038167888974 -4.150725230506049 -7.448855846835669


# name: clusters
# type: scalar
4


