# Created by Octave 3.8.2, Sat Aug 29 19:28:25 2015 CEST <anne@six>
# name: alpha
# type: scalar
1


# name: hyper
# type: scalar struct
# ndims: 2
 1 1
# length: 4
# name: mu
# type: matrix
# rows: 2
# columns: 1
 0
 0


# name: kappa
# type: scalar
0.0001


# name: nu
# type: scalar
4


# name: lambda
# type: diagonal matrix
# rows: 2
# columns: 2
0.001
0.001




# name: mu
# type: matrix
# rows: 2
# columns: 7
 -0.4268626549075729 -0.007277498015575916 1.087115304862788 2.619386426716048 1.382115716271229 -1.980331274184372 -4.381290401731222
 -0.4056174941046853 0.00275142990277136 -0.06057262285472453 -1.598875260652925 5.7797435798926 0.5850913307547418 -2.411062689455936


# name: lp
# type: matrix
# rows: 2
# columns: 7
 8.50935915138694 9.976880734989823 9.872709491344111 -4.850906572947381 -9.993511617930109 0.4247311462219633 -8.055491340874706
 -5.252695197011467 -0.67959605633708 -1.59047392293112 8.744638667236966 0.3601743220941019 -9.990976101133912 5.925289803637678


# name: sli
# type: matrix
# rows: 2
# columns: 7
 -0.6172844633259287 -0.0681170873330855 -0.161098017147731 -1.802681320643077 -0.03604081686840551 -23.52305968141233 -0.7355590804960483
 -0.6691131789531876 0.002255707934878019 0.1145594971696218 3.123043722334111 5.829556159313676 -45.99835942085156 -5.633760628739516


# name: clusters
# type: scalar
7


