# Created by Octave 3.8.2, Sat Aug 29 19:28:35 2015 CEST <anne@six>
# name: alpha
# type: scalar
1


# name: hyper
# type: scalar struct
# ndims: 2
 1 1
# length: 4
# name: mu
# type: matrix
# rows: 2
# columns: 1
 0
 0


# name: kappa
# type: scalar
0.0001


# name: nu
# type: scalar
4


# name: lambda
# type: diagonal matrix
# rows: 2
# columns: 2
0.001
0.001




# name: mu
# type: matrix
# rows: 2
# columns: 11
 1.847723569656798 -0.08241919993876626 -3.175874898680075 -0.2421391963570194 0.1617802003031859 2.246727485658516 -4.258990174002339 5.15580102608561 1.630492463147283 3.926494136571964 -0.5712183700764146
 -1.777646679411157 5.696176316805001 -1.429857405123109 6.857869422698863 5.617533937753238 -1.741216317622458 -4.073529457470687 1.105804149751238 0.2614737039358817 -2.896854313724224 -6.001606548522692


# name: lp
# type: matrix
# rows: 2
# columns: 11
 9.66090699402004 -5.17384114810269 -9.948808853394528 -6.256631853015911 9.466576058401955 -9.896174133863369 2.608626030616519 -9.899156009687353 1.058938318497562 -7.853954526815762 7.553389308268789
 2.582029444621933 -8.557532808829858 -1.010545594527371 -7.800933140068994 3.222411787852528 -1.437267376744362 -9.653759383389971 -1.416584023583052 -9.943774416066445 6.18994331886086 -6.553343418266033


# name: sli
# type: matrix
# rows: 2
# columns: 11
 0.2672657387365567 1.65399991299849 0.1015745311241529 1.246826299410389 0.3403988694510633 0.1452346489969521 -3.700706529064427 0.1431014949352023 -9.390324481009266 -0.788130781471491 -0.8676030257161519
 -2.271479884236428 5.832497666333126 -1.107269401380714 7.159774940834891 5.562464140470467 -2.067518995393877 -19.83480220162238 0.3680013153299372 15.57232699672891 0.1977365785754652 -6.497197334745638


# name: clusters
# type: scalar
11


