# Created by Octave 3.8.2, Sat Aug 29 19:28:33 2015 CEST <anne@six>
# name: alpha
# type: scalar
1


# name: hyper
# type: scalar struct
# ndims: 2
 1 1
# length: 4
# name: mu
# type: matrix
# rows: 2
# columns: 1
 0
 0


# name: kappa
# type: scalar
0.0001


# name: nu
# type: scalar
4


# name: lambda
# type: diagonal matrix
# rows: 2
# columns: 2
0.001
0.001




# name: mu
# type: matrix
# rows: 2
# columns: 8
 -2.265420134608477 -2.882213612038093 -0.7044348864647225 -1.766075788022972 -0.5150375520760659 5.556587901895748 -1.814566194617976 -3.336045870786941
 2.009826102597565 2.000966302201169 1.694519322637955 4.649286053766645 2.436441087370867 -3.355721176778196 -0.2088843829079232 4.171616164198857


# name: lp
# type: matrix
# rows: 2
# columns: 8
 -6.920704383726201 -7.780608020754068 0.5945637402772642 9.361797615522105 -9.99526460107748 -9.358623270282818 0.127831624060944 9.998200752380134
 -7.2182997189832 6.281889749699326 9.982309049450809 -3.515216267316223 -0.3077101793042237 -3.523658678833821 9.999182920413544 0.1896884685617806


# name: sli
# type: matrix
# rows: 2
# columns: 8
 1.043000729225884 -0.8073777438656405 16.78930007537247 -0.3754851804837036 0.03078559613830061 0.3765146407829852 78.22151203873004 0.01897226043562129
 4.372660954997207 -0.3260688212249852 13.52148801505512 3.986150767752941 2.452296825445139 -5.447857874639555 141.7292270544747 4.234908495284606


# name: clusters
# type: scalar
8


