# Created by Octave 4.0.3, Sun Oct 16 23:35:22 2016 CEST <anne@V>
# name: regulars
# type: matrix
# rows: 40
# columns: 24
 0 0 0 0 4 23 38 9 12 6 2 7 2 3 2 7 5 3 2 0 3 0 0 0
 0 0 0 0 0 0 0 0 0 0 0 0 0 0 4 11 4 4 2 1 2 0 0 0
 0 0 0 0 0 1 0 0 1 2 0 0 0 1 0 2 3 1 1 3 2 0 0 0
 0 0 0 0 0 0 5 4 1 3 11 3 7 3 3 4 3 10 23 3 0 0 0 0
 0 0 0 0 0 0 8 35 23 12 4 41 14 11 8 7 14 38 36 6 5 1 2 0
 0 0 0 0 0 0 0 1 9 2 0 3 0 0 0 1 0 0 0 0 0 0 0 0
 0 0 0 0 0 0 29 9 8 7 5 3 0 2 0 1 8 6 1 4 1 2 0 0
 0 0 0 0 0 2 14 12 7 1 0 2 0 2 0 3 4 6 4 3 9 2 0 1
 0 0 0 0 0 0 2 0 0 0 0 0 0 0 0 0 3 3 2 0 1 0 0 0
 0 0 0 0 0 0 0 1 1 0 1 1 0 0 0 2 1 2 3 0 1 0 0 0
 0 0 0 0 0 0 1 0 0 0 0 0 0 2 0 4 5 0 0 0 0 0 0 0
 0 0 0 0 0 0 0 1 3 2 1 0 1 1 0 0 0 0 3 11 12 0 0 0
 0 0 0 0 0 0 0 0 0 2 1 0 0 0 1 0 3 5 4 0 0 0 0 0
 0 0 0 0 0 0 0 0 0 0 1 18 4 0 0 0 0 0 1 0 0 0 0 0
 0 0 0 0 0 0 0 0 0 0 2 0 0 1 9 14 14 2 1 4 15 4 0 0
 0 0 0 0 0 0 0 0 2 4 2 1 3 5 2 0 1 0 0 0 0 0 0 0
 0 0 0 0 0 0 0 1 0 1 1 0 0 0 1 1 3 3 1 3 2 3 0 0
 0 0 0 0 0 0 0 1 2 1 3 2 0 1 2 0 0 0 0 1 2 0 0 0
 0 0 0 0 0 0 0 0 0 1 0 0 0 0 0 0 0 0 0 8 4 0 0 0
 0 0 0 0 0 0 0 0 0 0 0 0 0 4 6 2 0 0 0 0 0 0 0 0
 0 0 0 0 0 0 0 1 0 1 1 6 2 1 0 0 0 0 1 1 0 0 0 0
 0 0 0 0 0 0 2 2 3 12 18 12 12 2 4 3 5 6 43 37 16 1 2 0
 0 0 0 0 0 0 0 0 2 1 1 2 1 0 0 1 0 1 3 9 4 1 0 0
 0 0 0 0 0 0 5 5 0 0 0 0 0 0 0 3 2 0 0 0 0 0 0 0
 0 0 0 0 0 0 1 0 3 2 4 4 8 8 6 0 3 3 1 2 0 0 0 0
 0 0 0 0 0 0 2 0 0 0 1 1 1 0 0 2 1 2 1 1 1 0 1 0
 0 0 0 2 0 0 0 0 0 2 3 1 0 1 1 0 0 0 0 0 1 0 0 0
 0 0 0 0 1 5 16 26 17 3 4 0 8 6 8 14 11 8 4 3 1 0 0 0
 0 0 0 0 0 0 0 0 0 1 2 4 6 3 4 2 0 0 0 0 0 0 0 0
 0 0 0 0 0 0 0 0 0 0 1 0 1 1 0 0 1 0 4 2 1 0 0 0
 0 0 0 0 0 0 0 0 2 9 5 7 3 1 1 2 0 0 0 0 0 0 0 0
 0 0 0 0 0 0 0 0 0 0 0 0 0 0 0 0 0 0 3 6 4 0 0 0
 0 0 0 0 0 0 0 0 0 1 2 1 0 1 2 2 0 1 2 0 0 0 0 0
 0 0 0 0 0 0 2 0 0 0 0 0 0 0 0 0 9 0 0 0 0 0 0 0
 0 0 0 0 0 1 1 0 1 2 1 1 1 1 0 1 0 0 0 1 2 0 0 0
 0 0 0 0 0 0 1 0 1 0 0 0 0 0 0 1 0 2 2 0 4 1 1 0
 0 0 0 0 0 0 0 0 1 4 5 1 0 0 0 0 1 0 0 0 0 0 0 0
 0 0 0 0 0 0 0 0 0 0 0 0 1 2 5 0 0 0 1 3 1 0 0 0
 2 0 0 1 0 1 2 0 0 3 5 3 10 10 9 11 12 22 25 11 16 5 6 4
 0 0 0 0 0 0 0 0 0 1 3 1 0 2 1 2 0 1 0 0 0 0 0 0


