# Created by Octave 3.8.2, Sat Aug 29 19:28:32 2015 CEST <anne@six>
# name: alpha
# type: scalar
1


# name: hyper
# type: scalar struct
# ndims: 2
 1 1
# length: 4
# name: mu
# type: matrix
# rows: 2
# columns: 1
 0
 0


# name: kappa
# type: scalar
0.0001


# name: nu
# type: scalar
4


# name: lambda
# type: diagonal matrix
# rows: 2
# columns: 2
0.001
0.001




# name: mu
# type: matrix
# rows: 2
# columns: 13
 -0.2133763040761727 -1.600230460255544 5.51178857912628 -0.5084298223305085 -1.659818971180699 -1.10757121740546 -1.32421046020411 -0.1947672112927805 1.886809582595668 2.536748182185562 0.3997228597635156 0.9861401146043716 -2.758713023038658
 0.4664754467137685 1.274409768729213 0.5408208622312735 -2.163889797891803 -3.64046927971507 -1.622938911131477 -0.4812002470385606 -0.2618289083632843 -2.624434424372438 -0.3679930813068402 -1.107987273397347 0.1520251679385782 1.244823199502201


# name: lp
# type: matrix
# rows: 2
# columns: 13
 2.723105223694065 9.346238414434273 1.666024313165546 -9.011366021092584 -3.211857727338989 9.713356820984446 9.984786978353107 1.680557473171181 -8.43226164517915 3.769938646285404 -9.943977587307335 4.467597295300687 6.862295728889225
 -9.622094259603264 3.55637842482393 -9.860241527870464 4.335352630859225 9.470162086222855 -2.377119952428769 0.5513882451687079 -9.85777493044797 -5.375589599963956 -9.262157556597911 1.057028733350892 8.946539800784546 -7.273850241053132


# name: sli
# type: matrix
# rows: 2
# columns: 13
 -3.5335007167113 0.3805144130853201 -5.918425949700228 -0.4810982730821963 -2.94849986835153 -0.2447269256384477 0.05522283513550271 -5.865776736481692 0.6375027040387511 -2.456845701116145 -0.1062983825205018 2.002539443336826 -1.059973298794356
 -0.2874898766685958 1.883320523114603 33.1619334181936 -2.408494507398498 -8.534445297728732 -1.893991410092748 -0.4080735911100009 -1.404289885393891 -3.827280635283404 5.864405784909952 -1.065497379948016 -1.822759308213374 -1.679338943955036


# name: clusters
# type: scalar
13


