# Created by Octave 3.8.2, Sat Aug 29 19:28:32 2015 CEST <anne@six>
# name: alpha
# type: scalar
1


# name: hyper
# type: scalar struct
# ndims: 2
 1 1
# length: 4
# name: mu
# type: matrix
# rows: 2
# columns: 1
 0
 0


# name: kappa
# type: scalar
0.0001


# name: nu
# type: scalar
4


# name: lambda
# type: diagonal matrix
# rows: 2
# columns: 2
0.001
0.001




# name: mu
# type: matrix
# rows: 2
# columns: 5
 0.2467997890231449 -2.26176552851862 -2.380229507001163 -3.623481714570476 -0.8821051699874762
 2.816872002799601 2.021148416250539 3.390667722497564 1.012501974094528 0.6419937194815185


# name: lp
# type: matrix
# rows: 2
# columns: 5
 9.806332550193966 -8.987195730813189 -1.993728308122174 -4.674865747054619 9.915028885807445
 1.958530549929283 -4.385238066063596 -9.799237084252646 -8.840001710803877 1.300846721794693


# name: sli
# type: matrix
# rows: 2
# columns: 5
 0.199721000680376 0.4879428686557387 4.915031323140624 1.890963760055246 0.1311994888544146
 2.767580901968193 3.124760776462577 15.08957030567185 7.864374581570143 0.7577254668997119


# name: clusters
# type: scalar
5


