# Created by Octave 3.8.2, Sat Aug 29 19:28:33 2015 CEST <anne@six>
# name: alpha
# type: scalar
1


# name: hyper
# type: scalar struct
# ndims: 2
 1 1
# length: 4
# name: mu
# type: matrix
# rows: 2
# columns: 1
 0
 0


# name: kappa
# type: scalar
0.0001


# name: nu
# type: scalar
4


# name: lambda
# type: diagonal matrix
# rows: 2
# columns: 2
0.001
0.001




# name: mu
# type: matrix
# rows: 2
# columns: 5
 1.970945242947656 3.845609346861131 -1.397827837519016 0.4281337951350655 0.8357283747013219
 1.2041834557733 0.9004360738147152 -0.1101283329378647 1.100401619025752 1.207218479245021


# name: lp
# type: matrix
# rows: 2
# columns: 5
 5.235465717912771 0.8872798596625487 6.942001961331527 8.039712104132397 -2.063212842014854
 -8.519970581906966 -9.960558942681741 -7.19781972328213 5.946682207976735 -9.784843011951953


# name: sli
# type: matrix
# rows: 2
# columns: 5
 -1.627356770335922 -11.22594955155406 -1.03685071876608 0.7396635763760933 4.742527194817405
 4.411614540845548 44.07105259666254 -1.559467130980692 0.7837266449486795 -2.756246065256548


# name: clusters
# type: scalar
5


