# Created by Octave 3.8.2, Sat Aug 29 19:28:35 2015 CEST <anne@six>
# name: alpha
# type: scalar
1


# name: hyper
# type: scalar struct
# ndims: 2
 1 1
# length: 4
# name: mu
# type: matrix
# rows: 2
# columns: 1
 0
 0


# name: kappa
# type: scalar
0.0001


# name: nu
# type: scalar
4


# name: lambda
# type: diagonal matrix
# rows: 2
# columns: 2
0.001
0.001




# name: mu
# type: matrix
# rows: 2
# columns: 7
 4.561874013558112 -2.633461063731437 -1.438217683834203 0.1215008949363585 0.1824751988832604 3.622958372206763 1.215029489617536
 3.977483585067286 -0.5336960644089281 -1.055103636313473 -3.333557362607207 -0.6313300393029657 -2.138262098970274 1.703252899481135


# name: lp
# type: matrix
# rows: 2
# columns: 7
 -9.479374275825167 9.893056880328347 -0.4523681424998217 9.817795321785256 0.1216114333055182 -8.198860907192353 3.709176335209278
 3.184566428703299 1.458569697542064 9.989762913285343 -1.900235516858773 9.999260505621873 -5.725266790684342 -9.286657682628528


# name: sli
# type: matrix
# rows: 2
# columns: 7
 -0.3359469028272002 0.1474336714309535 -22.08325913067426 -0.1935501255197523 82.22302980757769 0.6983002706707611 -2.503698083716087
 5.510031031010024 -0.1454352312125381 -32.81563743474233 -3.310040849141513 -15.63499375622495 -4.668174910911157 4.745319904295095


# name: clusters
# type: scalar
7


