# Created by Octave 3.8.2, Sat Aug 29 19:28:34 2015 CEST <anne@six>
# name: alpha
# type: scalar
1


# name: hyper
# type: scalar struct
# ndims: 2
 1 1
# length: 4
# name: mu
# type: matrix
# rows: 2
# columns: 1
 0
 0


# name: kappa
# type: scalar
0.0001


# name: nu
# type: scalar
4


# name: lambda
# type: diagonal matrix
# rows: 2
# columns: 2
0.001
0.001




# name: mu
# type: matrix
# rows: 2
# columns: 6
 1.199502082998752 1.058212085280908 -1.050099074587305 -1.761606465048191 -0.7528669034111402 -1.933012972067194
 -0.6937289593621849 1.080113746163609 -1.611719687060157 1.026017214607299 -0.7615218645307729 0.7687466113646924


# name: lp
# type: matrix
# rows: 2
# columns: 6
 4.814236248711474 -9.345375984753257 -8.74253296972096 2.482410362189592 -9.996365231458679 -5.7126959840346
 8.764880452213394 3.558644082174709 -4.854700533847788 -9.686982956199197 -0.2695962894479126 -8.207624783942974


# name: sli
# type: matrix
# rows: 2
# columns: 6
 1.820617019897872 -0.3807919647085944 0.5552967944944149 -3.902248839976185 0.02696943170898657 1.436734040614275
 -2.877562867072663 1.483072405196105 -1.028603037040275 -5.848209570121554 -0.7412174719932699 3.545972149282601


# name: clusters
# type: scalar
6


