# Created by Octave 3.8.2, Sat Aug 29 19:28:36 2015 CEST <anne@six>
# name: alpha
# type: scalar
1


# name: hyper
# type: scalar struct
# ndims: 2
 1 1
# length: 4
# name: mu
# type: matrix
# rows: 2
# columns: 1
 0
 0


# name: kappa
# type: scalar
0.0001


# name: nu
# type: scalar
4


# name: lambda
# type: diagonal matrix
# rows: 2
# columns: 2
0.001
0.001




# name: mu
# type: matrix
# rows: 2
# columns: 5
 -0.4648889691858706 -2.455576655158954 -2.365459002042627 -0.1088057982308421 -0.6593719360305419
 -0.03552366577654939 1.97101479470888 1.578603302635464 -0.03540975512069443 -0.6976916988467358


# name: lp
# type: matrix
# rows: 2
# columns: 5
 9.841848471115703 -7.969057708064698 8.590286952377078 -9.736311359522107 8.736775921299499
 -1.771445362295294 6.041036272489566 5.119274370047004 2.281280585645 4.865053596929974


# name: sli
# type: matrix
# rows: 2
# columns: 5
 -0.1799911233640928 -0.7580615543009595 0.595937527864586 -0.2343064535845918 0.5568477022592966
 -0.1191995535798893 0.1095365387939318 2.988269092577778 -0.06090365583360369 -0.3305219513338646


# name: clusters
# type: scalar
5


