# Created by Octave 3.8.2, Sat Aug 29 19:28:24 2015 CEST <anne@six>
# name: alpha
# type: scalar
1


# name: hyper
# type: scalar struct
# ndims: 2
 1 1
# length: 4
# name: mu
# type: matrix
# rows: 2
# columns: 1
 0
 0


# name: kappa
# type: scalar
0.0001


# name: nu
# type: scalar
4


# name: lambda
# type: diagonal matrix
# rows: 2
# columns: 2
0.001
0.001




# name: mu
# type: matrix
# rows: 2
# columns: 6
 1.341962833567958 0.7104984578700005 3.910378239404563 0.7559932018766897 -1.075293309827147 2.771666451306194
 0.6933020174288678 0.9412143227592146 -11.8516179243246 -2.517615444834604 -0.06656495144784697 0.4677621818077427


# name: lp
# type: matrix
# rows: 2
# columns: 6
 8.697382352340966 1.250868739818261 -9.467441991238998 4.006916835980644 9.1216809689392 -4.93645697646929
 4.935133252222065 9.921457926925129 3.219866789562041 9.162129527000525 4.098162551789815 -8.696631101723684


# name: sli
# type: matrix
# rows: 2
# columns: 6
 0.5674274226766328 7.93165390668138 -0.3400989192795317 2.286578409795772 0.4492771196169568 1.761715161942683
 -0.06816449455042972 -4.694213546296472 -10.52170251112891 -4.246253178198219 0.4165397295346774 -4.415124629306251


# name: clusters
# type: scalar
6


