# Created by Octave 3.8.2, Sat Aug 29 19:28:29 2015 CEST <anne@six>
# name: alpha
# type: scalar
1


# name: hyper
# type: scalar struct
# ndims: 2
 1 1
# length: 4
# name: mu
# type: matrix
# rows: 2
# columns: 1
 0
 0


# name: kappa
# type: scalar
0.0001


# name: nu
# type: scalar
4


# name: lambda
# type: diagonal matrix
# rows: 2
# columns: 2
0.001
0.001




# name: mu
# type: matrix
# rows: 2
# columns: 6
 2.872814562474913 -1.008211151958905 -1.359771027891497 1.43622016154738 0.4088311167900142 -1.649309920607058
 -2.474323037645398 10.94095069539193 -0.4945540768865061 -0.5626861665864628 -1.44411807685624 0.07989505982338174


# name: lp
# type: matrix
# rows: 2
# columns: 6
 2.487119704543192 -9.577011994369002 8.404620136828703 -1.505797571794006 6.452275840667273 9.102698148665262
 9.685774908352609 2.877645089254799 5.418704675068891 9.885978640113445 -7.639904219029282 4.140155361129096


# name: sli
# type: matrix
# rows: 2
# columns: 6
 3.894374239671585 -0.300474207503005 0.6447292782840177 -6.565277315685467 -1.184063485146845 0.4548272713773521
 -13.66213806510109 10.63800924851139 0.3821301165574958 8.866497480350668 -0.9600360798733791 0.8300461906686871


# name: clusters
# type: scalar
6


