# Created by Octave 3.8.2, Sat Aug 29 19:28:26 2015 CEST <anne@six>
# name: alpha
# type: scalar
1


# name: hyper
# type: scalar struct
# ndims: 2
 1 1
# length: 4
# name: mu
# type: matrix
# rows: 2
# columns: 1
 0
 0


# name: kappa
# type: scalar
0.0001


# name: nu
# type: scalar
4


# name: lambda
# type: diagonal matrix
# rows: 2
# columns: 2
0.001
0.001




# name: mu
# type: matrix
# rows: 2
# columns: 9
 1.485419027880188 1.227595179438597 -3.762955560742975 1.699438150228272 1.953650081940464 -0.1043330641906508 -2.754258043541335 8.103851433999111 2.306576180280013
 2.013073901572844 1.00020282117764 0.5884435884810374 -1.519660666594656 -1.195928757608774 -3.288562318795713 -2.797893412254639 2.464275172152944 1.391025700906986


# name: lp
# type: matrix
# rows: 2
# columns: 9
 9.971594849992872 6.591360662136763 6.92993882274369 -3.703659076122008 9.967063717910335 -5.157694947251024 9.877028369487372 -8.168612018660799 0.1450495505722671
 -0.7531906449204012 7.520237005682469 7.209434645867163 9.28885942663894 0.810950579946403 -8.567273943974318 1.56342911202959 -5.768342715944534 9.99894797605622


# name: sli
# type: matrix
# rows: 2
# columns: 9
 -0.07553361886949705 1.140923307213565 1.040331643651194 -2.508022265474021 0.08136303759041529 1.66106643211626 0.1582894220350138 0.7061594678223222 68.93470497914095
 2.125272976286245 -0.4003891308668741 4.503165331975177 2.742568052973835 -1.354883662664214 -3.115258168108792 -2.361923498407193 -3.258336243791031 -157.6121227986095


# name: clusters
# type: scalar
9


