# Created by Octave 3.8.2, Sat Aug 29 19:28:29 2015 CEST <anne@six>
# name: alpha
# type: scalar
1


# name: hyper
# type: scalar struct
# ndims: 2
 1 1
# length: 4
# name: mu
# type: matrix
# rows: 2
# columns: 1
 0
 0


# name: kappa
# type: scalar
0.0001


# name: nu
# type: scalar
4


# name: lambda
# type: diagonal matrix
# rows: 2
# columns: 2
0.001
0.001




# name: mu
# type: matrix
# rows: 2
# columns: 6
 0.6803482319776739 1.987681400310428 0.4464453978362093 -2.723096509290318 1.456810929974536 1.550253215875059
 -0.3611988096125819 1.331193567010983 -0.3565193170068523 -2.914620941452038 5.621720317196599 -8.440112276380054


# name: lp
# type: matrix
# rows: 2
# columns: 6
 9.982355437684079 -9.397276888620814 7.224325208520699 -1.841461629878756 -9.67797410526445 0.7410943261406882
 -0.593784401731041 -3.419237792051482 -6.914414312256127 9.828988710222648 2.51730356092204 -9.972501150652333


# name: sli
# type: matrix
# rows: 2
# columns: 6
 -0.05948339602189118 0.3638541071607505 -0.957101751745748 -5.337601691363941 -0.2601064575645767 -13.45645324608675
 -0.3207293862970605 0.6079675257810022 0.07077435532101095 -17.44942547518728 6.000646247533632 12.4207976426383


# name: clusters
# type: scalar
6


