# Created by Octave 3.8.2, Sat Aug 29 19:28:26 2015 CEST <anne@six>
# name: alpha
# type: scalar
1


# name: hyper
# type: scalar struct
# ndims: 2
 1 1
# length: 4
# name: mu
# type: matrix
# rows: 2
# columns: 1
 0
 0


# name: kappa
# type: scalar
0.0001


# name: nu
# type: scalar
4


# name: lambda
# type: diagonal matrix
# rows: 2
# columns: 2
0.001
0.001




# name: mu
# type: matrix
# rows: 2
# columns: 7
 -1.541320560440221 1.844053959295627 -0.495680259058924 0.729786673159128 -0.06410890685144538 4.860824548240309 -2.193691186066219
 1.936050470886163 2.626141690981917 3.17887548422535 -0.9298499157503605 3.644861830094573 0.8551183995367921 0.6839058566511997


# name: lp
# type: matrix
# rows: 2
# columns: 7
 7.520999322452745 -3.521282258776679 9.590815538937761 0.6925600411962276 -6.09431764339443 0.1002284786176715 -2.233366834726843
 -6.590490815687807 9.359517682766811 -2.831299577591529 -9.975989203549604 7.928385236692989 -9.999497699988435 -9.747413635500559


# name: sli
# type: matrix
# rows: 2
# columns: 7
 -0.8762786078191693 -2.657985641292607 -0.295209470570749 -14.40451168149772 -1.300947161047059 -99.76703066732374 4.364448098689859
 0.5854242359805448 7.527610636558475 3.032545977376193 9.58237074277166 3.561459529728355 485.8051501723078 10.25815718279061


# name: clusters
# type: scalar
7


