# Created by Octave 3.8.2, Sat Aug 29 19:28:27 2015 CEST <anne@six>
# name: alpha
# type: scalar
1


# name: hyper
# type: scalar struct
# ndims: 2
 1 1
# length: 4
# name: mu
# type: matrix
# rows: 2
# columns: 1
 0
 0


# name: kappa
# type: scalar
0.0001


# name: nu
# type: scalar
4


# name: lambda
# type: diagonal matrix
# rows: 2
# columns: 2
0.001
0.001




# name: mu
# type: matrix
# rows: 2
# columns: 8
 4.171933199182321 2.635675648389418 -3.068576436710084 3.210065898560546 -2.990308078177488 -0.02413030980265298 3.003173617531448 -0.9982636535110242
 3.034355586456686 -0.6919274701356168 0.525972421871411 3.717124238657382 -0.5054693944661892 0.8092100902094743 -0.504105813283234 0.2701874729583551


# name: lp
# type: matrix
# rows: 2
# columns: 8
 -9.901960336520823 -7.205760620618394 -6.881441583512591 -9.470970383226563 5.421458594315041 -7.996654385438121 -2.452307970855645 8.075269733172906
 1.396846983018698 -6.933759000595941 7.255739916280333 3.209473477074595 -8.402843965594482 6.004458230336294 -9.694647266201997 -5.898306429518697


# name: sli
# type: matrix
# rows: 2
# columns: 8
 -0.141067721496196 0.9622521987138799 -1.054392430455928 -0.3388748298441193 -1.549923110065939 -0.750871294534173 3.953274784985263 -0.7304160262645686
 3.622880697099671 -3.228112157894965 -2.709511345271127 4.804934773820498 -5.140216991050341 0.7910913332504457 -12.37647635040329 -0.4589602980035173


# name: clusters
# type: scalar
8


