# Created by Octave 3.8.2, Sat Aug 29 19:28:25 2015 CEST <anne@six>
# name: alpha
# type: scalar
1


# name: hyper
# type: scalar struct
# ndims: 2
 1 1
# length: 4
# name: mu
# type: matrix
# rows: 2
# columns: 1
 0
 0


# name: kappa
# type: scalar
0.0001


# name: nu
# type: scalar
4


# name: lambda
# type: diagonal matrix
# rows: 2
# columns: 2
0.001
0.001




# name: mu
# type: matrix
# rows: 2
# columns: 4
 -1.019708933189669 -0.4726299702871039 1.523685736075745 -2.628565432711807
 -1.353121593985579 -4.411265673918419 -0.9184638583878901 -1.464741846355643


# name: lp
# type: matrix
# rows: 2
# columns: 4
 -1.821600213049257 7.595757246762505 -9.886751129354801 8.7957584768763
 -9.832688984393785 6.504188792482494 1.500717197276538 -4.757586869039672


# name: sli
# type: matrix
# rows: 2
# columns: 4
 5.397830387785481 0.856292346000754 -0.1517907326321536 -0.540895578425349
 4.151094272281929 -4.006556247871008 -0.6871824842077905 -2.886521266511173


# name: clusters
# type: scalar
4


