# Created by Octave 3.8.2, Sat Aug 29 19:28:26 2015 CEST <anne@six>
# name: alpha
# type: scalar
1


# name: hyper
# type: scalar struct
# ndims: 2
 1 1
# length: 4
# name: mu
# type: matrix
# rows: 2
# columns: 1
 0
 0


# name: kappa
# type: scalar
0.0001


# name: nu
# type: scalar
4


# name: lambda
# type: diagonal matrix
# rows: 2
# columns: 2
0.001
0.001




# name: mu
# type: matrix
# rows: 2
# columns: 5
 0.05036556326796971 4.879251679901499 -2.304345639321881 -0.7328660686711316 -0.1391837900395392
 -1.012865362891048 0.1136321887956441 0.9864115251847443 -3.817468298751113 4.152827221977389


# name: lp
# type: matrix
# rows: 2
# columns: 5
 5.108840254683359 7.916744335181708 -6.963839298776866 0.5131321135502172 -0.3116190177990646
 8.596496452167411 -6.109431981073882 -7.176694379783141 -9.986826094112358 9.995143500107737


# name: sli
# type: matrix
# rows: 2
# columns: 5
 1.682670826179554 -0.7717101528621811 1.030565765790095 -19.46248506065292 -32.07488288327998
 -1.097614026846162 3.879000248545484 3.361191253617566 -18.08086321172244 -0.311476542791862


# name: clusters
# type: scalar
5


