# Created by Octave 3.8.2, Sat Aug 29 19:28:29 2015 CEST <anne@six>
# name: alpha
# type: scalar
1


# name: hyper
# type: scalar struct
# ndims: 2
 1 1
# length: 4
# name: mu
# type: matrix
# rows: 2
# columns: 1
 0
 0


# name: kappa
# type: scalar
0.0001


# name: nu
# type: scalar
4


# name: lambda
# type: diagonal matrix
# rows: 2
# columns: 2
0.001
0.001




# name: mu
# type: matrix
# rows: 2
# columns: 7
 2.036075653425781 1.063171212330171 0.5693864100994179 -0.8703760187026168 1.202720994823932 0.4858823086003882 1.09577578841567
 -0.6726724033089715 -1.381775531302222 -0.2832528491786843 -1.719783070833091 4.751178218921013 -0.8657680233851622 -3.21832032158065


# name: lp
# type: matrix
# rows: 2
# columns: 7
 -8.730880673135369 9.392111965162561 -8.834173570675194 9.863018433664251 3.798649293121927 7.891825192818351 -9.092110973773003
 4.875625362091645 -3.433399602995588 -4.685869964391232 1.649505191625404 -9.250419641717034 6.141587345792421 -4.163354181497959


# name: sli
# type: matrix
# rows: 2
# columns: 7
 -0.5584345433896243 -0.3655620392655915 0.5304253903212695 0.1672414183061188 -2.435186543402789 0.7782214121241983 0.4579084212134587
 0.4643425745185854 -0.9931204948343335 -0.5852698579992945 -1.574220151005632 7.680028200984268 -1.243892039710322 -3.720085282858002


# name: clusters
# type: scalar
7


