# Created by Octave 3.8.2, Sat Aug 29 19:28:33 2015 CEST <anne@six>
# name: alpha
# type: scalar
1


# name: hyper
# type: scalar struct
# ndims: 2
 1 1
# length: 4
# name: mu
# type: matrix
# rows: 2
# columns: 1
 0
 0


# name: kappa
# type: scalar
0.0001


# name: nu
# type: scalar
4


# name: lambda
# type: diagonal matrix
# rows: 2
# columns: 2
0.001
0.001




# name: mu
# type: matrix
# rows: 2
# columns: 7
 0.3820178453547654 1.336482937970103 1.195930836436535 -11.17026456846757 2.114597968464819 1.723438957622345 -2.882362461222947
 -0.8916672177965377 -15.35620849165052 -12.10021505269136 7.99227180394614 0.8698864428152651 -1.920955582584381 8.444911395119505


# name: lp
# type: matrix
# rows: 2
# columns: 7
 9.968061214408788 7.246674412916335 8.573023331486318 -9.916449271323099 8.599373610859232 -6.405141991300109 -4.367465973245642
 0.7985960341744719 -6.890987589103879 5.14813276419628 -1.289974359929514 -5.103995836681086 -7.679463267135541 -8.995845761935978


# name: sli
# type: matrix
# rows: 2
# columns: 7
 0.08011548253938337 -0.9509172340931328 0.6005037622245384 0.1300842997966953 -0.5935311183870177 1.198952853436551 2.059740320140559
 -0.9222727618157902 -14.08532383286332 -12.81837601933184 9.445347848879079 2.124966139977104 -3.987277638549408 14.38182957375999


# name: clusters
# type: scalar
7


