# Created by Octave 3.8.2, Sat Aug 29 19:28:25 2015 CEST <anne@six>
# name: alpha
# type: scalar
1


# name: hyper
# type: scalar struct
# ndims: 2
 1 1
# length: 4
# name: mu
# type: matrix
# rows: 2
# columns: 1
 0
 0


# name: kappa
# type: scalar
0.0001


# name: nu
# type: scalar
4


# name: lambda
# type: diagonal matrix
# rows: 2
# columns: 2
0.001
0.001




# name: mu
# type: matrix
# rows: 2
# columns: 6
 0.7048337058316796 2.839306352421135 1.805420913442159 -0.4541151201467685 -3.642239229695261 0.7197130701647231
 0.4219676193225541 -3.417825381886279 4.066218141583221 -1.696451945362383 2.830920308629797 -4.2480011741326


# name: lp
# type: matrix
# rows: 2
# columns: 6
 7.328790088009958 -3.348636256061702 9.995396755945807 -9.362905033227854 1.859886018706659 1.506379841277156
 -6.803589923407127 -9.42266603592577 0.3033870320696709 -3.512265556411775 9.825519019238602 9.885889933323849


# name: sli
# type: matrix
# rows: 2
# columns: 6
 -0.9283373983569173 2.813881626847007 0.03035267528417016 0.3751256200876924 5.282860842231151 6.562680714674381
 1.0762911080686 -11.4072973599541 4.011418786846261 -1.52610172932613 22.07236331322504 -8.971248259801719


# name: clusters
# type: scalar
6


