# Created by Octave 3.8.2, Sat Aug 29 19:28:28 2015 CEST <anne@six>
# name: alpha
# type: scalar
1


# name: hyper
# type: scalar struct
# ndims: 2
 1 1
# length: 4
# name: mu
# type: matrix
# rows: 2
# columns: 1
 0
 0


# name: kappa
# type: scalar
0.0001


# name: nu
# type: scalar
4


# name: lambda
# type: diagonal matrix
# rows: 2
# columns: 2
0.001
0.001




# name: mu
# type: matrix
# rows: 2
# columns: 7
 -0.3644598498170906 1.043040899302269 2.206884962362217 1.005921885849725 -1.771504008689044 -2.851548341551938 -1.749039315737492
 2.995812706384391 1.243949559607298 -0.252157465879288 -1.318838000750271 -0.08354859554163219 -3.39070130888288 -1.408708423716556


# name: lp
# type: matrix
# rows: 2
# columns: 7
 3.576876854767162 8.038833729861018 -0.1889695740505153 4.962468035403157 -3.79082697946079 8.502718904348148 -6.012480026759391
 -9.338412711260462 -5.947869556710941 9.998214365579644 -8.681814959880331 9.253627981056521 -5.263437207152814 -7.99062475203406


# name: sli
# type: matrix
# rows: 2
# columns: 7
 -2.610772774806179 -0.7398920983546419 -52.9091226236607 -1.749495391797523 -2.441057856555818 -0.6190298969499251 1.329006452656916
 2.044290852971983 2.015687279261767 116.5121896240561 0.4410177030520981 -4.40789237387215 -5.155894984901506 0.9157761128492092


# name: clusters
# type: scalar
7


