# Created by Octave 3.8.2, Sat Aug 29 19:28:27 2015 CEST <anne@six>
# name: alpha
# type: scalar
1


# name: hyper
# type: scalar struct
# ndims: 2
 1 1
# length: 4
# name: mu
# type: matrix
# rows: 2
# columns: 1
 0
 0


# name: kappa
# type: scalar
0.0001


# name: nu
# type: scalar
4


# name: lambda
# type: diagonal matrix
# rows: 2
# columns: 2
0.001
0.001




# name: mu
# type: matrix
# rows: 2
# columns: 8
 -13.73550341074979 2.120912940175627 1.256112860762207 -5.512250474775067 -0.4536221505096081 -1.555693156199043 9.439269281084851 1.272634427978796
 1.029043287048531 1.294645225917688 0.3588591755577167 10.02867511242638 4.421004774816787 0.224328202340069 -18.52762438024442 3.464417304540725


# name: lp
# type: matrix
# rows: 2
# columns: 8
 7.056969369953238 -8.423518412973712 7.219294924215859 1.88238985324698 7.22483202247458 1.230951854938681 7.717889656633917 2.49834938224171
 -7.08513819989009 5.389279872700325 6.919666234522524 9.821232531632312 6.913884743545112 -9.923948686426337 6.358787561164724 -9.682884403123506


# name: sli
# type: matrix
# rows: 2
# columns: 8
 -1.003991632733562 -0.6397896470909209 0.9584961283839114 5.217427471090237 0.9569613137077525 -8.062012049139561 0.8239023676244224 -3.875712689325815
 -12.76128720872757 2.65158336742322 -0.845120138296098 38.78844216704802 4.855103623895397 -12.31768876770057 -26.30466068957471 8.396782705931045


# name: clusters
# type: scalar
8


