# Created by Octave 3.8.2, Sat Aug 29 19:28:30 2015 CEST <anne@six>
# name: alpha
# type: scalar
1


# name: hyper
# type: scalar struct
# ndims: 2
 1 1
# length: 4
# name: mu
# type: matrix
# rows: 2
# columns: 1
 0
 0


# name: kappa
# type: scalar
0.0001


# name: nu
# type: scalar
4


# name: lambda
# type: diagonal matrix
# rows: 2
# columns: 2
0.001
0.001




# name: mu
# type: matrix
# rows: 2
# columns: 7
 8.119268757009753 2.205985954381362 -0.5451661509690721 1.892615534524647 0.8721126268541702 -0.5139739165664455 0.5133489160719911
 4.272917262414482 1.143067309870502 -0.6703047876974455 1.5603059689526 -6.302380618685455 -1.942525285029104 2.886328030129982


# name: lp
# type: matrix
# rows: 2
# columns: 7
 9.417521886376685 6.839853418070312 -4.2434385084792 -7.966816520445535 5.103058215019002 -8.102950476921407 9.973245058220449
 -3.363076198901259 -7.294957520048479 9.055011298985541 -6.043991605682134 -8.599930049374068 -5.860221290067393 -0.7310150536626403


# name: sli
# type: matrix
# rows: 2
# columns: 7
 -0.3571084027706121 -1.066537113321145 -2.133885357568373 0.7586457639850517 -1.685250233686006 0.7232206721191631 -0.07329761270230706
 7.172376359895567 3.495833201683391 -1.833626854692257 0.1244812108331717 -4.832652610478948 -1.570808723638201 2.923955280161376


# name: clusters
# type: scalar
7


