# Created by Octave 3.8.2, Sat Aug 29 19:28:30 2015 CEST <anne@six>
# name: alpha
# type: scalar
1


# name: hyper
# type: scalar struct
# ndims: 2
 1 1
# length: 4
# name: mu
# type: matrix
# rows: 2
# columns: 1
 0
 0


# name: kappa
# type: scalar
0.0001


# name: nu
# type: scalar
4


# name: lambda
# type: diagonal matrix
# rows: 2
# columns: 2
0.001
0.001




# name: mu
# type: matrix
# rows: 2
# columns: 4
 1.150881841670173 -0.6474318700576743 1.771326840215651 1.81588095298153
 -0.2540960525638291 0.9378592462389483 0.9144967938115739 -3.268337867988978


# name: lp
# type: matrix
# rows: 2
# columns: 4
 -8.252437298572934 2.011972474687037 -4.494517825052744 2.150642008693364
 -5.647767579594815 9.795507478487357 8.933045926238325 9.765999127096181


# name: sli
# type: matrix
# rows: 2
# columns: 4
 0.6843757032327242 4.868609089699922 -1.98754266285138 4.540969202507848
 -1.041731622294627 4.08995193376316 4.435084458593909 -11.5141973508987


# name: clusters
# type: scalar
4


