# Created by Octave 3.8.2, Sat Aug 29 19:28:28 2015 CEST <anne@six>
# name: alpha
# type: scalar
1


# name: hyper
# type: scalar struct
# ndims: 2
 1 1
# length: 4
# name: mu
# type: matrix
# rows: 2
# columns: 1
 0
 0


# name: kappa
# type: scalar
0.0001


# name: nu
# type: scalar
4


# name: lambda
# type: diagonal matrix
# rows: 2
# columns: 2
0.001
0.001




# name: mu
# type: matrix
# rows: 2
# columns: 6
 -2.090548252936367 0.0470363313444609 -3.305967154761574 1.977719602350779 -2.77602368590225 0.4420338027505939
 -1.449752226986928 0.627759482776619 2.176965798618407 0.5353813130845235 -4.008118495913027 2.169766735153163


# name: lp
# type: matrix
# rows: 2
# columns: 6
 7.95645803732521 2.313382191452927 -9.693303881345594 8.063384444467967 6.7756777551821 -9.701501665353929
 -6.057621274087962 9.728733876320621 -2.457612635036376 -5.914544048420978 -7.354603385494725 2.425049574160277


# name: sli
# type: matrix
# rows: 2
# columns: 6
 -0.7613464742314413 4.20541573816234 0.2535371494713955 -0.7335063941393442 -1.08544173014572 -0.2499664132224634
 -3.041383768570731 0.4299521546752045 3.015151287282716 1.986051287223541 -7.021330448464262 2.280260339349815


# name: clusters
# type: scalar
6


