# Created by Octave 3.8.2, Sat Aug 29 19:28:35 2015 CEST <anne@six>
# name: alpha
# type: scalar
1


# name: hyper
# type: scalar struct
# ndims: 2
 1 1
# length: 4
# name: mu
# type: matrix
# rows: 2
# columns: 1
 0
 0


# name: kappa
# type: scalar
0.0001


# name: nu
# type: scalar
4


# name: lambda
# type: diagonal matrix
# rows: 2
# columns: 2
0.001
0.001




# name: mu
# type: matrix
# rows: 2
# columns: 6
 0.4587261941686653 1.584492708542049 -2.397424937293905 2.906955609484537 -3.898302796521688 -6.467718747506174
 1.21134644386511 -2.59095956663627 -2.249092010965974 -1.29651516214713 2.454303210737376 0.4285788142268079


# name: lp
# type: matrix
# rows: 2
# columns: 6
 7.959488848084575 9.496155666248908 6.259480859753197 9.662339495889105 1.808234705007695 9.978436597014181
 6.053638350382132 3.134170952958496 -7.79864727798247 -2.576663630779437 -9.835155680089956 0.6563559090676994


# name: sli
# type: matrix
# rows: 2
# columns: 6
 0.7605561696136957 0.3300462906371595 -1.245893621646118 -0.2666707821512267 -5.439092421383485 0.06577742942858392
 0.8624594067267213 -3.113915507632199 -5.236028448715796 -0.521315036086993 -18.74892598608179 0.8540087277048244


# name: clusters
# type: scalar
6


