# Created by Octave 3.8.2, Sat Aug 29 19:28:33 2015 CEST <anne@six>
# name: alpha
# type: scalar
1


# name: hyper
# type: scalar struct
# ndims: 2
 1 1
# length: 4
# name: mu
# type: matrix
# rows: 2
# columns: 1
 0
 0


# name: kappa
# type: scalar
0.0001


# name: nu
# type: scalar
4


# name: lambda
# type: diagonal matrix
# rows: 2
# columns: 2
0.001
0.001




# name: mu
# type: matrix
# rows: 2
# columns: 4
 0.4166688303446699 1.173129317428538 -1.928759923779111 1.32245540344359
 0.6359802032677745 -0.06988458273468176 3.755320270730076 -1.089491009807724


# name: lp
# type: matrix
# rows: 2
# columns: 4
 0.9324691657223225 -2.608106082887351 9.705595923764257 7.648539787504416
 9.956430146140589 -9.653899867950051 2.408611169244764 6.442036876560232


# name: sli
# type: matrix
# rows: 2
# columns: 4
 10.6774899504886 3.701498160405549 0.2481672622849724 0.8422570916195961
 -3.812997045419279 -4.412220593114234 4.23397534061931 -2.203338451708741


# name: clusters
# type: scalar
4


