# Created by Octave 3.8.2, Sat Aug 29 19:28:33 2015 CEST <anne@six>
# name: alpha
# type: scalar
1


# name: hyper
# type: scalar struct
# ndims: 2
 1 1
# length: 4
# name: mu
# type: matrix
# rows: 2
# columns: 1
 0
 0


# name: kappa
# type: scalar
0.0001


# name: nu
# type: scalar
4


# name: lambda
# type: diagonal matrix
# rows: 2
# columns: 2
0.001
0.001




# name: mu
# type: matrix
# rows: 2
# columns: 6
 0.1470324193446794 -0.4519078791109737 -0.3333201580996455 0.7911062037118982 4.368096284819748 1.287737011046959
 -1.315266429189245 0.3301975391704419 2.182249146961591 -2.378353663022678 0.1515603880854401 2.824335311005555


# name: lp
# type: matrix
# rows: 2
# columns: 6
 -0.3118590061100205 7.377390787866492 -2.123623436441246 -5.226124690698414 -1.058337486597284 -9.99539434334622
 -9.995136015097948 -6.750859586978729 9.771909920798363 -8.525703532100584 -9.943838381855517 0.3034665072168491


# name: sli
# type: matrix
# rows: 2
# columns: 6
 32.05017594255967 -0.915074147635203 -4.601526689295755 1.631362440944978 9.395715929732843 -0.03036063378718641
 -6.027681338446433 -0.0833316781166647 0.6484675433857914 -3.668934610556835 -40.88983145780231 2.863431822812157


# name: clusters
# type: scalar
6


