# Created by Octave 3.8.2, Sat Aug 29 19:28:28 2015 CEST <anne@six>
# name: alpha
# type: scalar
1


# name: hyper
# type: scalar struct
# ndims: 2
 1 1
# length: 4
# name: mu
# type: matrix
# rows: 2
# columns: 1
 0
 0


# name: kappa
# type: scalar
0.0001


# name: nu
# type: scalar
4


# name: lambda
# type: diagonal matrix
# rows: 2
# columns: 2
0.001
0.001




# name: mu
# type: matrix
# rows: 2
# columns: 5
 -3.282973757713784 -2.333367551943156 -2.898950786169877 2.815701600449236 -0.773113115307106
 -1.009581197206918 -1.598787449925218 -0.4061119502956176 -3.099911573318338 -3.036586592353837


# name: lp
# type: matrix
# rows: 2
# columns: 5
 6.659283801425571 -8.345743995927947 1.40441563087954 -8.057413191336526 -6.718711963323941
 7.460156784684288 -5.508952455270659 -9.900889694150784 5.922676140401071 -7.406680062881597


# name: sli
# type: matrix
# rows: 2
# columns: 5
 1.120264131570316 0.6600912342816393 -7.049828751870398 -0.7350592553413096 1.102395831717914
 2.66821654844645 -0.05855198253033267 -20.84321855289331 -1.030204051628789 -2.184309916592833


# name: clusters
# type: scalar
5


