# Created by Octave 3.8.2, Sat Aug 29 19:28:32 2015 CEST <anne@six>
# name: alpha
# type: scalar
1


# name: hyper
# type: scalar struct
# ndims: 2
 1 1
# length: 4
# name: mu
# type: matrix
# rows: 2
# columns: 1
 0
 0


# name: kappa
# type: scalar
0.0001


# name: nu
# type: scalar
4


# name: lambda
# type: diagonal matrix
# rows: 2
# columns: 2
0.001
0.001




# name: mu
# type: matrix
# rows: 2
# columns: 6
 0.4052292853068113 2.02517507482648 -0.6451168491609131 2.845407353529387 1.981093608185279 1.215392539074664
 1.569963813183112 0.1414355876869913 0.3947428639275133 3.064057209673578 -0.4727775859710094 -0.04450882952223367


# name: lp
# type: matrix
# rows: 2
# columns: 6
 2.945919732807985 9.98830708694434 8.561932879274885 7.954513000667133 -8.413872130949336 -2.696177502908788
 -9.556231314061653 0.4834475534093248 5.166556432556572 -6.060175156067485 -5.404327503402627 -9.629674286953247


# name: sli
# type: matrix
# rows: 2
# columns: 6
 -3.243887200196343 0.04840135061938938 0.6034334192297628 -0.761853699347682 0.6423115801253397 3.571602491514083
 2.88448190493459 0.0434143788246667 0.7840279300194142 5.231841328111039 -1.745256951820707 -4.385407850248932


# name: clusters
# type: scalar
6


