# Created by Octave 3.8.2, Sat Aug 29 19:28:35 2015 CEST <anne@six>
# name: alpha
# type: scalar
1


# name: hyper
# type: scalar struct
# ndims: 2
 1 1
# length: 4
# name: mu
# type: matrix
# rows: 2
# columns: 1
 0
 0


# name: kappa
# type: scalar
0.0001


# name: nu
# type: scalar
4


# name: lambda
# type: diagonal matrix
# rows: 2
# columns: 2
0.001
0.001




# name: mu
# type: matrix
# rows: 2
# columns: 8
 1.672142677693723 1.026393844519153 1.833790234191459 -3.156088727614597 -5.294956097552996 -2.948006526408965 -1.485600122803574 -0.2346357034644696
 2.133062174460577 2.916478522447936 -1.864659061880767 4.700193145649001 8.468872644093409 5.277883808891989 1.359670356853155 -2.226744062476068


# name: lp
# type: matrix
# rows: 2
# columns: 8
 -8.446058222798518 9.513076660920884 1.155230232998881 -8.400839562087949 9.944669349902011 -4.146269398354744 9.315961504794965 -9.999676509457231
 5.353886485264471 3.082429633169644 9.933048027104537 -5.424564005711239 -1.050500605006748 -9.099914838956845 -3.634949964054296 -0.08043448395582407


# name: sli
# type: matrix
# rows: 2
# columns: 8
 -0.6338917331652626 0.3240202663174228 8.598327626276866 0.6457168912249783 -0.1056345432960121 2.194723488678215 -0.3901851636230325 0.008043708601948559
 3.193019594523454 2.583906115600277 -17.63218829332591 6.738132947274496 7.909542374955964 11.74794297717842 0.7800112298586451 -2.224856721249787


# name: clusters
# type: scalar
8


