# Created by Octave 3.8.2, Sat Aug 29 19:28:25 2015 CEST <anne@six>
# name: alpha
# type: scalar
1


# name: hyper
# type: scalar struct
# ndims: 2
 1 1
# length: 4
# name: mu
# type: matrix
# rows: 2
# columns: 1
 0
 0


# name: kappa
# type: scalar
0.0001


# name: nu
# type: scalar
4


# name: lambda
# type: diagonal matrix
# rows: 2
# columns: 2
0.001
0.001




# name: mu
# type: matrix
# rows: 2
# columns: 5
 1.221200746159763 -1.985726428026806 -0.1086507483644486 1.480247369663872 0.4309607839474013
 1.433119931908449 -0.9756007013354748 0.4664546026308004 -0.7447300685070931 3.052259924922774


# name: lp
# type: matrix
# rows: 2
# columns: 5
 -5.294632024888752 -0.3250334710876842 1.50566606896099 -7.92641735074424 -2.336280126800352
 -8.483329047079481 -9.994716266241513 -9.885998669268551 6.096876903941942 -9.723260521508088


# name: sli
# type: matrix
# rows: 2
# columns: 5
 1.602250922670633 30.74980626701439 -6.565864020626133 -0.7691844416152884 4.161855596839134
 -0.5235500903920964 60.0851022597793 -0.2469314368694365 0.3938531779803119 1.258663374233101


# name: clusters
# type: scalar
5


