# Created by Octave 3.8.2, Sat Aug 29 19:28:28 2015 CEST <anne@six>
# name: alpha
# type: scalar
1


# name: hyper
# type: scalar struct
# ndims: 2
 1 1
# length: 4
# name: mu
# type: matrix
# rows: 2
# columns: 1
 0
 0


# name: kappa
# type: scalar
0.0001


# name: nu
# type: scalar
4


# name: lambda
# type: diagonal matrix
# rows: 2
# columns: 2
0.001
0.001




# name: mu
# type: matrix
# rows: 2
# columns: 5
 -1.713131459209481 -0.05072058456470806 -0.7443267324885098 -0.6621141224168109 0.9351170484193312
 -2.37192662245783 1.512752660979852 -1.96185174298481 1.774006509546202 -0.2906192507183958


# name: lp
# type: matrix
# rows: 2
# columns: 5
 4.750920574692066 4.102867008829905 0.1139653956961921 1.989390637910134 1.727620636442535
 -8.799360982080893 -9.119565905669806 -9.999350573341442 -9.800118616108456 9.849635878373265


# name: sli
# type: matrix
# rows: 2
# columns: 5
 -1.852138094868325 -2.222730077783002 -87.74023476387183 -4.926191181035986 5.701272415138164
 -5.544882659577073 1.400014492105139 -67.26925399255228 -1.487694241142873 -5.621976283796948


# name: clusters
# type: scalar
5


