# Created by Octave 3.8.2, Sat Aug 29 19:28:29 2015 CEST <anne@six>
# name: alpha
# type: scalar
1


# name: hyper
# type: scalar struct
# ndims: 2
 1 1
# length: 4
# name: mu
# type: matrix
# rows: 2
# columns: 1
 0
 0


# name: kappa
# type: scalar
0.0001


# name: nu
# type: scalar
4


# name: lambda
# type: diagonal matrix
# rows: 2
# columns: 2
0.001
0.001




# name: mu
# type: matrix
# rows: 2
# columns: 7
 -3.267027286951087 -0.04888126052444627 1.467948139294424 -3.097712679408096 -2.250354867714931 -0.5159371935790866 1.037332700106056
 6.089417895007642 -29.22544753215768 1.501255458663472 4.722316385472735 0.2750062134330933 -1.393674761259199 -1.258511241260677


# name: lp
# type: matrix
# rows: 2
# columns: 7
 7.149094794966123 -0.4408305627621953 -6.890594486958826 4.011245001597005 2.752269496468669 2.249965408771915 -1.909824123424468
 -6.992170164733427 9.990278695558736 -7.247048200218668 9.160235452059245 -9.613792832114083 9.743595622732391 9.815934587067396


# name: sli
# type: matrix
# rows: 2
# columns: 7
 -0.9780497203165929 -22.66240034030481 1.051730473173899 2.283638982014876 -3.493041958445264 4.330553520843095 -5.139706042390247
 2.894102770738455 -30.33321422730142 -0.04263033247139725 11.79637381525082 -7.585577760886704 0.84061886892862 4.073073905443407


# name: clusters
# type: scalar
7


