# Created by Octave 3.8.2, Sat Aug 29 19:28:24 2015 CEST <anne@six>
# name: alpha
# type: scalar
1


# name: hyper
# type: scalar struct
# ndims: 2
 1 1
# length: 4
# name: mu
# type: matrix
# rows: 2
# columns: 1
 0
 0


# name: kappa
# type: scalar
0.0001


# name: nu
# type: scalar
4


# name: lambda
# type: diagonal matrix
# rows: 2
# columns: 2
0.001
0.001




# name: mu
# type: matrix
# rows: 2
# columns: 4
 3.76583139855004 -0.6877878759155792 -1.518647244440919 2.173486697758717
 2.935800806781664 1.338752335964704 3.068180969150751 3.883583033851919


# name: lp
# type: matrix
# rows: 2
# columns: 4
 1.704686415508534 3.453193972573688 9.440413549699047 5.859910486260942
 9.853631017283966 -9.384852230471227 3.298271063854312 -8.103175247580978


# name: sli
# type: matrix
# rows: 2
# columns: 4
 5.780318847877062 -2.71773097746856 0.3493778155470168 -1.382815533885639
 -18.83190540418437 -0.5304700803383675 3.598762626000016 6.889114202206474


# name: clusters
# type: scalar
4


