# Created by Octave 3.8.2, Sat Aug 29 19:28:26 2015 CEST <anne@six>
# name: alpha
# type: scalar
1


# name: hyper
# type: scalar struct
# ndims: 2
 1 1
# length: 4
# name: mu
# type: matrix
# rows: 2
# columns: 1
 0
 0


# name: kappa
# type: scalar
0.0001


# name: nu
# type: scalar
4


# name: lambda
# type: diagonal matrix
# rows: 2
# columns: 2
0.001
0.001




# name: mu
# type: matrix
# rows: 2
# columns: 7
 -2.362907425787559 -3.560528162968487 0.6935400982957831 -0.7030895241079296 2.391002338428887 1.056446936813275 -0.7100471976958257
 1.519541585591511 0.0002443097830862051 -1.8649593003694 -2.73119375386544 -0.3325676584923307 3.028146054950656 0.5086271163291376


# name: lp
# type: matrix
# rows: 2
# columns: 7
 6.559785241191385 8.977744540351267 2.144021009706067 7.715749810168155 9.980506919425469 -4.488803355546493 -4.635460358443443
 7.547795545021585 4.404554797955524 9.767454832756535 -6.361383879855866 0.6240846347253926 -8.935918779579106 -8.860728371036965


# name: sli
# type: matrix
# rows: 2
# columns: 7
 1.150616257621684 0.4906081675813856 4.555671231083504 -0.8244673604466223 0.06253035439619917 1.990712907603233 1.911509901038683
 4.238341284957679 1.747068507438973 -5.024499973778324 -3.310868117964377 -0.48207788207643 0.9250635016385718 1.86588936492948


# name: clusters
# type: scalar
7


