# Created by Octave 3.8.2, Sat Aug 29 19:28:30 2015 CEST <anne@six>
# name: alpha
# type: scalar
1


# name: hyper
# type: scalar struct
# ndims: 2
 1 1
# length: 4
# name: mu
# type: matrix
# rows: 2
# columns: 1
 0
 0


# name: kappa
# type: scalar
0.0001


# name: nu
# type: scalar
4


# name: lambda
# type: diagonal matrix
# rows: 2
# columns: 2
0.001
0.001




# name: mu
# type: matrix
# rows: 2
# columns: 7
 -2.129534711958983 2.84344594280334 -2.146014867530497 -2.90232770310864 -1.472081959416077 5.176867580177544 -1.592399816679105
 7.628415983420694 -0.2695137927698353 1.681607509931195 0.957896731966547 0.999652730047812 6.925198417503633 -2.743501330777437


# name: lp
# type: matrix
# rows: 2
# columns: 7
 -7.277803539884578 7.767428805693182 -8.033803973665544 9.977117968568699 8.409904659270888 6.666245664601194 -8.57926388399672
 6.858102918070238 -6.29817828808361 -5.954661511178927 0.6761043124131187 5.410499387484839 7.453936459293558 -5.137726268374903


# name: sli
# type: matrix
# rows: 2
# columns: 7
 -0.9423314164068524 -0.8108446753277383 0.7412007475783633 0.06776549245414121 0.643348480951021 1.118161081112736 0.5988539737026309
 5.621688522012827 2.036079209534514 3.272235334059082 1.154574398031001 1.946714422473547 1.136626567274838 -1.789886372835814


# name: clusters
# type: scalar
7


