# Created by Octave 3.8.2, Sat Aug 29 19:28:25 2015 CEST <anne@six>
# name: alpha
# type: scalar
1


# name: hyper
# type: scalar struct
# ndims: 2
 1 1
# length: 4
# name: mu
# type: matrix
# rows: 2
# columns: 1
 0
 0


# name: kappa
# type: scalar
0.0001


# name: nu
# type: scalar
4


# name: lambda
# type: diagonal matrix
# rows: 2
# columns: 2
0.001
0.001




# name: mu
# type: matrix
# rows: 2
# columns: 6
 -0.6910297358764986 -1.370741672822666 1.339143049042091 -0.7025158204020993 -3.674646216422683 -1.908563932764708
 -1.343890115665727 -2.313227933377568 0.1104313146303089 2.906627942034155 0.2470524411735189 -1.810373871280504


# name: lp
# type: matrix
# rows: 2
# columns: 6
 9.342766392601035 7.763137035402064 -9.275197088913371 8.40845439277137 4.199709528649399 6.260040394345876
 3.565489606391331 6.303467567106923 3.737742495385807 5.412752970964391 9.075375467437777 -7.798198141952918


# name: sli
# type: matrix
# rows: 2
# columns: 6
 0.3816310348094549 0.8119742751366307 -0.4029825414549439 0.6437274578806848 2.160953133907897 -1.245710514743055
 -1.080171722479075 -1.200220957187812 0.6500825839050133 3.358856665222562 8.187790698554911 -4.187892030384857


# name: clusters
# type: scalar
6


