# Created by Octave 3.8.2, Sat Aug 29 19:28:31 2015 CEST <anne@six>
# name: alpha
# type: scalar
1


# name: hyper
# type: scalar struct
# ndims: 2
 1 1
# length: 4
# name: mu
# type: matrix
# rows: 2
# columns: 1
 0
 0


# name: kappa
# type: scalar
0.0001


# name: nu
# type: scalar
4


# name: lambda
# type: diagonal matrix
# rows: 2
# columns: 2
0.001
0.001




# name: mu
# type: matrix
# rows: 2
# columns: 5
 -0.2477744063364372 -1.034212867882295 -6.362004185464027 -1.014923463008356 -8.153892434342831
 0.5422407651061852 0.2170675996939571 -1.957623386084625 2.053787917247631 -0.7372583967249979


# name: lp
# type: matrix
# rows: 2
# columns: 5
 -0.2263037952459367 -6.871064533811715 9.711932507237774 1.124195134031079 -0.6077162991925328
 -9.997439001677243 -7.265567573988614 2.382932431870071 -9.936608339902547 -9.981516963853528


# name: sli
# type: matrix
# rows: 2
# columns: 5
 44.17707175795475 1.057415126613292 0.2453613047757695 -8.838864392049432 16.42463264045391
 11.48818849361561 1.31065993033081 -0.3966337381502654 -6.916982940592425 133.1874294271325


# name: clusters
# type: scalar
5


