# Created by Octave 3.8.2, Sat Aug 29 19:28:25 2015 CEST <anne@six>
# name: alpha
# type: scalar
1


# name: hyper
# type: scalar struct
# ndims: 2
 1 1
# length: 4
# name: mu
# type: matrix
# rows: 2
# columns: 1
 0
 0


# name: kappa
# type: scalar
0.0001


# name: nu
# type: scalar
4


# name: lambda
# type: diagonal matrix
# rows: 2
# columns: 2
0.001
0.001




# name: mu
# type: matrix
# rows: 2
# columns: 4
 1.064852151123457 3.182274128510084 1.731469004948364 -5.128143091496028
 -5.574047795355998 2.000356060256231 -14.88248850357371 0.8900581187278452


# name: lp
# type: matrix
# rows: 2
# columns: 4
 -8.92468440056877 -4.394255051210843 8.875948268593442 -8.511534025883357
 4.511098352978403 8.982790354055247 4.60625035503424 5.249170270264613


# name: sli
# type: matrix
# rows: 2
# columns: 4
 -0.5054630674324921 -2.044212329364001 0.5189586752474602 -0.6167125989630096
 -5.035804360687048 8.505600069172626 -15.78104936461375 -2.272532335082873


# name: clusters
# type: scalar
4


