# Created by Octave 3.8.2, Sat Aug 29 19:28:35 2015 CEST <anne@six>
# name: alpha
# type: scalar
1


# name: hyper
# type: scalar struct
# ndims: 2
 1 1
# length: 4
# name: mu
# type: matrix
# rows: 2
# columns: 1
 0
 0


# name: kappa
# type: scalar
0.0001


# name: nu
# type: scalar
4


# name: lambda
# type: diagonal matrix
# rows: 2
# columns: 2
0.001
0.001




# name: mu
# type: matrix
# rows: 2
# columns: 6
 0.2058849173068416 -2.572857254982248 1.213026511983585 -2.23460895911316 -0.07883223004818254 -1.500239548719754
 0.7462263938217165 0.7449183318658149 0.3125550637864147 0.8082381814638453 1.703328326306313 -0.9754114031927208


# name: lp
# type: matrix
# rows: 2
# columns: 6
 9.873518465103805 4.842364444866768 9.993649282027429 8.034911182642844 4.283742194925756 -4.661719364939874
 1.5854441394304 8.749371782196146 0.3563341519313764 5.953167416345771 9.036014210226357 -8.846941424161493


# name: sli
# type: matrix
# rows: 2
# columns: 6
 0.1605753962008448 1.80683876271871 0.03565605935083268 0.7409126598942261 2.109373953672991 1.897785072756219
 0.7131663416533922 5.393656551109798 0.2693033184809944 2.463888249183844 1.869614979079907 1.871720817926155


# name: clusters
# type: scalar
6


