# Created by Octave 3.8.2, Sat Aug 29 19:28:33 2015 CEST <anne@six>
# name: alpha
# type: scalar
1


# name: hyper
# type: scalar struct
# ndims: 2
 1 1
# length: 4
# name: mu
# type: matrix
# rows: 2
# columns: 1
 0
 0


# name: kappa
# type: scalar
0.0001


# name: nu
# type: scalar
4


# name: lambda
# type: diagonal matrix
# rows: 2
# columns: 2
0.001
0.001




# name: mu
# type: matrix
# rows: 2
# columns: 5
 3.082788931054071 0.3688048507670746 0.2901993224040547 -3.485013103289365 2.879305368957091
 1.379436723262581 1.623179018728454 2.499597210809292 0.8820548900259092 7.546060030799999


# name: lp
# type: matrix
# rows: 2
# columns: 5
 4.039689384619037 9.421860951301436 8.847306052212872 -4.703535471058589 -6.349106033957838
 9.147727022369889 3.350900806401345 4.661027313637788 -8.824780681268722 7.725856105931572


# name: sli
# type: matrix
# rows: 2
# columns: 5
 2.264462970148029 0.3556516938342724 0.5268301205056628 1.876201579762424 -1.216841562357009
 -5.601424655891589 1.492012948858848 2.346711466816502 7.420641979910163 11.04971847446467


# name: clusters
# type: scalar
5


