# Created by Octave 4.0.0, Sun Sep 04 15:49:39 2016 CEST <anne@V>
# name: dataset
# type: struct
# ndims: 2
 1 4
# length: 4
# name: N
# type: cell
# rows: 1
# columns: 4
# name: <cell-element>
# type: scalar
22



# name: <cell-element>
# type: scalar
28



# name: <cell-element>
# type: scalar
65



# name: <cell-element>
# type: scalar
33





# name: mu
# type: cell
# rows: 1
# columns: 4
# name: <cell-element>
# type: matrix
# rows: 22
# columns: 2
 0.5289965319572336 0.2922191048896232
 0.5289965319572336 0.2922191048896232
 0.5289965319572336 0.2922191048896232
 0.5289965319572336 0.2922191048896232
 0.5289965319572336 0.2922191048896232
 0.5289965319572336 0.2922191048896232
 0.5289965319572336 0.2922191048896232
 0.5289965319572336 0.2922191048896232
 0.5289965319572336 0.2922191048896232
 0.5289965319572336 0.2922191048896232
 0.5289965319572336 0.2922191048896232
 0.5289965319572336 0.2922191048896232
 0.5289965319572336 0.2922191048896232
 0.5289965319572336 0.2922191048896232
 0.5289965319572336 0.2922191048896232
 0.5289965319572336 0.2922191048896232
 0.5289965319572336 0.2922191048896232
 0.5289965319572336 0.2922191048896232
 0.5289965319572336 0.2922191048896232
 0.5289965319572336 0.2922191048896232
 0.5289965319572336 0.2922191048896232
 0.5289965319572336 0.2922191048896232



# name: <cell-element>
# type: matrix
# rows: 28
# columns: 2
 0.5348386349193578 0.7341402635490906
 0.5348386349193578 0.7341402635490906
 0.5348386349193578 0.7341402635490906
 0.5348386349193578 0.7341402635490906
 0.5348386349193578 0.7341402635490906
 0.5348386349193578 0.7341402635490906
 0.5348386349193578 0.7341402635490906
 0.5348386349193578 0.7341402635490906
 0.5348386349193578 0.7341402635490906
 0.5348386349193578 0.7341402635490906
 0.5348386349193578 0.7341402635490906
 0.5348386349193578 0.7341402635490906
 0.5348386349193578 0.7341402635490906
 0.5348386349193578 0.7341402635490906
 0.5348386349193578 0.7341402635490906
 0.5348386349193578 0.7341402635490906
 0.5348386349193578 0.7341402635490906
 0.5348386349193578 0.7341402635490906
 0.5348386349193578 0.7341402635490906
 0.5348386349193578 0.7341402635490906
 0.5348386349193578 0.7341402635490906
 0.5348386349193578 0.7341402635490906
 0.5348386349193578 0.7341402635490906
 0.5348386349193578 0.7341402635490906
 0.5348386349193578 0.7341402635490906
 0.5348386349193578 0.7341402635490906
 0.5348386349193578 0.7341402635490906
 0.5348386349193578 0.7341402635490906



# name: <cell-element>
# type: matrix
# rows: 65
# columns: 2
 0.01625070201045324 0.420863065871596
 0.01625070201045324 0.420863065871596
 0.01625070201045324 0.420863065871596
 0.01625070201045324 0.420863065871596
 0.01625070201045324 0.420863065871596
 0.01625070201045324 0.420863065871596
 0.01625070201045324 0.420863065871596
 0.01625070201045324 0.420863065871596
 0.01625070201045324 0.420863065871596
 0.01625070201045324 0.420863065871596
 0.01625070201045324 0.420863065871596
 0.01625070201045324 0.420863065871596
 0.01625070201045324 0.420863065871596
 0.01625070201045324 0.420863065871596
 0.01625070201045324 0.420863065871596
 0.01625070201045324 0.420863065871596
 0.01625070201045324 0.420863065871596
 0.01625070201045324 0.420863065871596
 0.01625070201045324 0.420863065871596
 0.01625070201045324 0.420863065871596
 0.01625070201045324 0.420863065871596
 0.01625070201045324 0.420863065871596
 0.01625070201045324 0.420863065871596
 0.01625070201045324 0.420863065871596
 0.01625070201045324 0.420863065871596
 0.01625070201045324 0.420863065871596
 0.01625070201045324 0.420863065871596
 0.01625070201045324 0.420863065871596
 0.01625070201045324 0.420863065871596
 0.01625070201045324 0.420863065871596
 0.01625070201045324 0.420863065871596
 0.01625070201045324 0.420863065871596
 0.01625070201045324 0.420863065871596
 0.01625070201045324 0.420863065871596
 0.01625070201045324 0.420863065871596
 0.01625070201045324 0.420863065871596
 0.01625070201045324 0.420863065871596
 0.01625070201045324 0.420863065871596
 0.01625070201045324 0.420863065871596
 0.01625070201045324 0.420863065871596
 0.01625070201045324 0.420863065871596
 0.01625070201045324 0.420863065871596
 0.01625070201045324 0.420863065871596
 0.01625070201045324 0.420863065871596
 0.01625070201045324 0.420863065871596
 0.01625070201045324 0.420863065871596
 0.01625070201045324 0.420863065871596
 0.01625070201045324 0.420863065871596
 0.01625070201045324 0.420863065871596
 0.01625070201045324 0.420863065871596
 0.01625070201045324 0.420863065871596
 0.01625070201045324 0.420863065871596
 0.01625070201045324 0.420863065871596
 0.01625070201045324 0.420863065871596
 0.01625070201045324 0.420863065871596
 0.01625070201045324 0.420863065871596
 0.01625070201045324 0.420863065871596
 0.01625070201045324 0.420863065871596
 0.01625070201045324 0.420863065871596
 0.01625070201045324 0.420863065871596
 0.01625070201045324 0.420863065871596
 0.01625070201045324 0.420863065871596
 0.01625070201045324 0.420863065871596
 0.01625070201045324 0.420863065871596
 0.01625070201045324 0.420863065871596



# name: <cell-element>
# type: matrix
# rows: 33
# columns: 2
 0.6746072603906657 0.2870440629746235
 0.6746072603906657 0.2870440629746235
 0.6746072603906657 0.2870440629746235
 0.6746072603906657 0.2870440629746235
 0.6746072603906657 0.2870440629746235
 0.6746072603906657 0.2870440629746235
 0.6746072603906657 0.2870440629746235
 0.6746072603906657 0.2870440629746235
 0.6746072603906657 0.2870440629746235
 0.6746072603906657 0.2870440629746235
 0.6746072603906657 0.2870440629746235
 0.6746072603906657 0.2870440629746235
 0.6746072603906657 0.2870440629746235
 0.6746072603906657 0.2870440629746235
 0.6746072603906657 0.2870440629746235
 0.6746072603906657 0.2870440629746235
 0.6746072603906657 0.2870440629746235
 0.6746072603906657 0.2870440629746235
 0.6746072603906657 0.2870440629746235
 0.6746072603906657 0.2870440629746235
 0.6746072603906657 0.2870440629746235
 0.6746072603906657 0.2870440629746235
 0.6746072603906657 0.2870440629746235
 0.6746072603906657 0.2870440629746235
 0.6746072603906657 0.2870440629746235
 0.6746072603906657 0.2870440629746235
 0.6746072603906657 0.2870440629746235
 0.6746072603906657 0.2870440629746235
 0.6746072603906657 0.2870440629746235
 0.6746072603906657 0.2870440629746235
 0.6746072603906657 0.2870440629746235
 0.6746072603906657 0.2870440629746235
 0.6746072603906657 0.2870440629746235





# name: sigma
# type: cell
# rows: 1
# columns: 4
# name: <cell-element>
# type: diagonal matrix
# rows: 2
# columns: 2
0.0001875628871252393
0.0008651136401588605



# name: <cell-element>
# type: diagonal matrix
# rows: 2
# columns: 2
0.000455035873736525
0.0008161390064823471



# name: <cell-element>
# type: diagonal matrix
# rows: 2
# columns: 2
0.0008647167165873366
0.0006599199869225186



# name: <cell-element>
# type: diagonal matrix
# rows: 2
# columns: 2
0.000126134651653991
0.0005455227980973158





# name: data
# type: cell
# rows: 1
# columns: 4
# name: <cell-element>
# type: matrix
# rows: 22
# columns: 2
 0.5310302975889967 0.2679738805128751
 0.5315776476902238 0.3068357721844526
 0.5513804826864278 0.2531762066652251
 0.5221527319600999 0.2890281650305094
 0.544257142048673 0.3381935775642499
 0.510655231483735 0.2997568737296835
 0.5206234393394323 0.3221296867506873
 0.5313813826402117 0.2646827884207226
 0.5498426825238805 0.2420800219457103
 0.5259471126114125 0.3319873780193272
 0.5354350469213649 0.2348535369573502
 0.5733303199476343 0.2978685507432365
 0.5381283011010077 0.2865988030912932
 0.5421152092515643 0.298022591712092
 0.5296889915215569 0.3209595068793975
 0.5531963902353954 0.2921820510661404
 0.5559854918874191 0.3673782484788691
 0.5380166537768919 0.3214471236692255
 0.530807751357814 0.2665778394492261
 0.5310346174686672 0.2598561010183443
 0.5439379845492327 0.3252846777877497
 0.5286991093742407 0.3275155671984277



